4.25309e-317 3.39917e-321 0
10.0024 0.0623637 -3.02209
10.0024 0.0623637 -2.34062
10.0002 0.101404 -0.770225
10.0002 0.101404 -2.07152
9.99774 0.155206 -2.26855
9.99774 0.155218 -1.31093
9.99717 0.215325 -1.69759
9.99717 0.215349 -0.871175
9.99612 0.275014 -1.30068
9.99612 0.275043 -1.70219
9.99399 0.337855 -1.47087
9.99399 0.337885 -1.67127
9.99198 0.400432 -1.37287
9.99198 0.400462 -1.1183
9.98899 0.463685 -0.669361
9.98899 0.463717 -0.318773
9.98555 0.526267 0.160796
9.98555 0.526299 0.620353
9.98177 0.587886 1.13771
9.98177 0.587917 1.63038
9.97818 0.651258 2.15657
9.97818 0.651289 2.67699
9.97407 0.713827 0.0693425
9.97407 0.713858 0.598224
9.9696 0.777665 1.13242
9.9696 0.777696 1.66645
9.96499 0.840086 2.1998
9.96499 0.840118 2.7337
9.95979 0.902581 0.122764
9.95978 0.902613 0.655176
9.95309 0.964921 1.18529
9.95308 0.964952 1.71576
9.94601 1.02793 2.23803
9.94601 1.02796 2.76542
9.93849 1.08877 0.145038
9.93848 1.0888 0.666938
9.93273 1.15199 1.17903
9.93273 1.15202 1.69707
9.92555 1.21457 2.20254
9.92554 1.2146 2.71233
9.9182 1.27697 0.0733413
9.91819 1.277 0.577813
9.91028 1.34035 1.07855
9.91028 1.34038 1.58051
9.90233 1.40192 2.0732
9.90233 1.40195 2.57115
9.89291 1.46354 3.06246
9.89291 1.46357 0.413082
9.88251 1.52696 0.895188
9.88251 1.52699 1.38331
9.87228 1.58862 1.86135
9.87227 1.58865 2.34205
9.86265 1.65054 2.81488
9.86265 1.65057 0.149524
9.8531 1.71153 0.620781
9.85309 1.71156 1.09307
9.84183 1.77382 1.56296
9.84182 1.77385 2.03375
9.8293 1.83516 2.49595
9.8293 1.83519 2.96318
9.81861 1.89757 0.282556
9.8186 1.8976 0.744329
9.80632 1.95938 1.1962
9.80631 1.95941 1.65401
9.79335 2.02055 2.10186
9.79334 2.02058 2.55234
9.77994 2.08179 2.99766
9.77993 2.08182 0.303036
9.76739 2.14324 0.739923
9.76738 2.14327 1.18232
9.75407 2.2058 1.61497
9.75406 2.20583 2.05039
9.7401 2.26612 2.47799
9.74009 2.26615 2.90889
9.7265 2.32829 0.19333
9.7265 2.32832 0.620384
9.71117 2.38836 1.04052
9.71117 2.38839 1.46451
9.69585 2.44952 1.88095
9.69584 2.44955 2.2998
9.67965 2.51106 2.70727
9.67964 2.51109 3.1206
9.66344 2.57122 0.384565
9.66343 2.57125 0.791374
9.64895 2.63216 1.192
9.64894 2.63219 1.59584
9.63137 2.69326 1.98826
9.63136 2.69329 2.38604
9.61485 2.75367 2.77636
9.61484 2.7537 0.0264587
9.59641 2.81323 0.407452
9.5964 2.81326 0.79454
9.57809 2.8737 1.17129
9.57808 2.87373 1.55081
9.56004 2.93332 1.92495
9.56003 2.93335 2.3008
9.54101 2.99375 2.66913
9.541 2.99378 3.04126
9.52009 3.05281 0.26671
9.52009 3.05284 0.634598
9.50145 3.11287 0.994846
9.50144 3.1129 1.35954
9.48327 3.17243 1.71415
9.48326 3.17246 2.07244
9.4629 3.23211 2.42219
9.46289 3.23214 2.77511
9.44301 3.29089 3.11847
9.443 3.29092 0.324408
9.42135 3.35092 0.663213
9.42134 3.35095 1.00499
9.40117 3.40988 1.34181
9.40116 3.40991 1.67992
9.38074 3.46976 2.01548
9.38073 3.46979 2.35186
9.35769 3.52825 2.67964
9.35768 3.52828 3.01249
9.33472 3.58723 0.192917
9.33471 3.58726 0.518694
9.31142 3.64587 0.832922
9.31141 3.6459 1.15224
9.28817 3.70362 1.46689
9.28816 3.70364 1.78126
9.26387 3.76132 2.08702
9.26386 3.76135 2.39858
9.24074 3.81935 2.70072
9.24073 3.81938 3.00521
9.21717 3.87759 0.163308
9.21715 3.87761 0.464593
9.19312 3.93487 0.755948
9.19311 3.93489 1.05275
9.1688 3.99368 1.34255
9.16879 3.99371 1.63337
9.14306 4.0507 1.91392
9.14304 4.05073 2.20052
9.11702 4.10818 2.47961
9.117 4.1082 2.75965
9.09025 4.16599 3.03117
9.09024 4.16602 0.166045
9.06482 4.2224 0.431758
9.0648 4.22243 0.701264
9.03632 4.27868 0.964568
9.03631 4.2787 1.22945
9.0102 4.33626 1.48396
9.01019 4.33629 1.74422
8.98353 4.39327 1.99714
8.98352 4.39329 2.2511
8.95522 4.44925 2.49465
8.9552 4.44928 2.74432
8.92756 4.50426 2.98639
8.92755 4.50429 0.0878345
8.89924 4.56096 0.320385
8.89922 4.56098 0.559154
8.87103 4.61662 0.787573
8.87101 4.61665 1.01869
8.84061 4.67239 1.23727
8.8406 4.67242 1.46228
8.81116 4.72739 1.67875
8.81115 4.72742 1.8966
8.78188 4.78198 2.1034
8.78186 4.78201 2.31651
8.75179 4.8384 2.52168
8.75178 4.83843 2.72791
8.72138 4.89268 2.93069
8.72136 4.89271 3.13503
8.68929 4.94848 0.188375
8.68928 4.94851 0.388436
8.65856 5.00328 0.581861
8.65854 5.0033 0.776273
8.6276 5.05671 0.960551
8.62758 5.05674 1.1508
8.59568 5.11017 1.33099
8.59566 5.1102 1.51385
8.56305 5.16468 1.68694
8.56304 5.16471 1.86467
8.53098 5.21859 2.03333
8.53096 5.21862 2.20489
8.49752 5.27146 2.36423
8.4975 5.27149 2.52966
8.46403 5.32435 2.68688
8.46401 5.32438 2.84548
8.42939 5.37802 2.99314
8.42938 5.37805 0.0054484
8.39662 5.43112 0.154105
8.39661 5.43114 0.302111
8.36134 5.483 0.446071
8.36133 5.48303 0.593099
8.32586 5.53566 0.72953
8.32584 5.53569 0.87088
8.29225 5.58762 1.00081
8.29223 5.58765 1.13498
8.25674 5.63956 1.25977
8.25672 5.63958 1.38792
8.22181 5.69164 1.50797
8.22179 5.69166 1.63111
8.18506 5.74289 1.7449
8.18504 5.74291 1.86277
8.14932 5.79401 1.97208
8.14931 5.79403 2.08431
8.11166 5.84604 2.18712
8.11165 5.84607 2.29417
8.07508 5.89697 2.39519
8.07506 5.89699 2.49738
8.03756 5.94783 2.58952
8.03754 5.94785 2.68747
8.00145 5.99785 2.77095
8.00143 5.99787 2.86009
7.96309 6.04853 2.94052
7.96308 6.04856 3.02295
7.92456 6.09811 3.09386
7.92454 6.09814 0.0294021
7.88676 6.14935 0.0957992
7.88674 6.14938 0.165147
7.84634 6.19862 0.226961
7.84632 6.19865 0.291769
7.80731 6.24813 0.349356
7.80729 6.24815 0.409705
7.76864 6.29614 0.461209
7.76862 6.29617 0.516686
7.72945 6.34431 0.563849
7.72943 6.34433 0.613847
7.68987 6.39183 2.05656
7.68985 6.39186 1.87635
7.64974 6.43977 1.96061
7.64972 6.4398 1.59117
7.608 6.48805 1.72862
7.60798 6.48808 2.92053
7.56716 6.53565 1.2904
7.56714 6.53567 2.86743
7.52577 6.58447 1.37083
7.52575 6.5845 2.92859
7.48518 6.6313 0.333453
7.48516 6.63132 1.59758
7.44255 6.67859 2.03768
7.44253 6.67861 2.54727
7.40108 6.72513 2.71859
7.40106 6.72515 3.06551
7.35905 6.77167 0.0388496
7.35903 6.7717 0.190622
7.31629 6.81672 0.235214
7.31627 6.81675 0.325758
7.27325 6.86222 0.344585
7.27323 6.86224 0.380245
7.22982 6.90831 0.375506
7.2298 6.90833 0.386162
7.1866 6.95444 0.370101
7.18657 6.95446 0.361436
7.14207 6.99876 0.331485
7.14205 6.99879 0.310609
7.09885 7.04418 0.276424
7.09883 7.0442 0.245005
7.05472 7.08777 0.202628
7.0547 7.08779 0.165602
7.00946 7.1311 0.121281
7.00943 7.13112 0.0782302
6.96519 7.17509 0.0246294
6.96517 7.17511 -0.0229088
6.91918 7.21831 -0.0807185
6.91916 7.21833 -0.135779
6.87356 7.26189 -0.200733
6.87354 7.26191 -0.26102
6.82703 7.30625 -0.330439
6.82701 7.30627 -0.396941
6.78133 7.34841 -0.470398
6.78131 7.34843 -0.541217
6.73541 7.39078 -0.618823
6.73539 7.3908 -0.693718
6.68822 7.43359 -0.779926
6.6882 7.43361 -0.860514
6.64218 7.47478 -0.948694
6.64216 7.4748 -1.03559
6.59572 7.51669 -1.13314
6.5957 7.51671 -1.22457
6.54806 7.5581 -1.32558
6.54804 7.55812 -1.42433
6.5003 7.59766 -1.53052
6.50028 7.59768 -1.63333
6.45231 7.63773 -1.74812
6.45229 7.63775 -1.8573
6.40393 7.67884 -1.97429
6.40391 7.67886 -2.08985
6.3561 7.71925 -2.21625
6.35608 7.71927 -2.3365
6.30692 7.75918 -2.47172
6.3069 7.7592 -2.60117
6.25838 7.79939 -2.73692
6.25836 7.79941 -2.87232
6.20967 7.83935 -3.01278
6.20964 7.83937 -0.00857586
6.15986 7.87873 -0.156946
6.15983 7.87875 -0.300152
6.10985 7.91586 -0.452422
6.10983 7.91588 -0.602145
6.06072 7.95415 -0.759325
6.0607 7.95417 -0.913297
6.00995 7.99256 -1.07648
6.00992 7.99258 -1.23575
5.96002 8.03007 -1.40342
5.96 8.03009 -1.56816
5.90883 8.06737 -1.74491
5.9088 8.06739 -1.91573
5.85821 8.10359 -2.09459
5.85818 8.10361 -2.27208
5.80721 8.14068 -2.46044
5.80718 8.1407 -2.64259
5.75621 8.17692 -2.8371
5.75619 8.17694 -3.02759
5.70461 8.21301 -0.0860552
5.70459 8.21303 -0.282489
5.65344 8.24888 -0.489169
5.65342 8.2489 -0.691522
5.60151 8.2846 -0.900248
5.60148 8.28462 -1.10764
5.54952 8.31968 -1.32529
5.5495 8.31969 -1.53712
5.49644 8.35414 -1.75631
5.49641 8.35416 -1.9745
5.44353 8.38779 -2.20042
5.44351 8.38781 -2.42195
5.39099 8.42112 -2.65622
5.39096 8.42114 -2.88504
5.33747 8.45592 -3.12185
5.33745 8.45594 -0.215404
5.28474 8.48907 -0.458963
5.28471 8.48909 -0.698108
5.23065 8.52198 -0.947584
5.23063 8.52199 -1.19319
5.17773 8.55454 -1.44756
5.1777 8.55455 -1.69873
5.12364 8.58737 -1.9622
5.12362 8.58739 -2.21973
5.06961 8.62005 -2.48275
5.06958 8.62007 -2.74607
5.01421 8.65046 -3.01828
5.01419 8.65048 -0.142902
4.95974 8.68144 -0.416148
4.95971 8.68146 -0.688724
4.90586 8.71352 -0.968709
4.90584 8.71354 -1.24429
4.85119 8.74473 -1.5325
4.85116 8.74475 -1.81534
4.79603 8.77466 -2.10606
4.79601 8.77468 -2.39514
4.74089 8.80376 -2.69256
4.74086 8.80378 -2.9856
4.68647 8.83335 -0.142795
4.68644 8.83336 -0.440689
4.63057 8.86392 -0.74572
4.63054 8.86393 -1.04667
4.5755 8.89383 -1.35541
4.57547 8.89385 -1.66173
4.51841 8.92201 -1.97951
4.51838 8.92202 -2.29138
4.4621 8.94864 -2.61562
4.46208 8.94865 -2.93564
4.40558 8.97614 -0.12111
4.40555 8.97615 -0.446328
4.35008 9.00423 -0.779752
4.35006 9.00425 -1.10902
4.29302 9.03229 -1.44649
4.29299 9.0323 -1.78132
4.23545 9.05858 -2.12525
4.23542 9.05859 -2.46496
4.1783 9.08634 -2.81511
4.17827 9.08635 -0.0196095
4.12194 9.11242 -0.372001
4.12192 9.11243 -0.722932
4.06525 9.13744 -1.07699
4.06522 9.13746 -1.42997
4.00771 9.16218 -1.79192
4.00768 9.16219 -2.14872
3.94883 9.18729 -2.51918
3.9488 9.18731 -2.88408
3.89045 9.21138 -0.115759
3.89042 9.21139 -0.487195
3.83309 9.23659 -0.862752
3.83306 9.2366 -1.23682
3.77547 9.26083 -1.61516
3.77545 9.26085 -1.99168
3.71914 9.28362 -2.37352
3.71911 9.28363 -2.75307
3.66003 9.30582 -3.1405
3.66001 9.30584 -0.382682
3.60128 9.32944 -0.771593
3.60126 9.32945 -1.15953
3.54209 9.35248 -1.55707
3.54206 9.35249 -1.94897
3.48295 9.37428 -2.34787
3.48292 9.37429 -2.74588
3.42253 9.39531 -0.00983573
3.4225 9.39533 -0.411041
3.36371 9.41638 -0.824914
3.36368 9.41639 -1.23335
3.30557 9.43725 -1.64706
3.30554 9.43726 -2.06088
3.2468 9.45893 -2.48099
3.24678 9.45894 -2.89692
3.18666 9.47922 -0.178826
3.18663 9.47923 -0.60011
3.12671 9.49883 -1.03267
3.12668 9.49884 -1.45931
3.06684 9.51847 -1.89559
3.06681 9.51848 -2.32945
3.00812 9.53722 -2.77088
3.00809 9.53723 -0.0673616
2.94731 9.55542 -0.514822
2.94728 9.55543 -0.958347
2.88849 9.57405 -1.40769
2.88846 9.57406 -1.8558
2.8273 9.592 -2.31125
2.82727 9.59201 -2.76272
2.76764 9.60904 -0.077739
2.76761 9.60905 -0.533598
2.70626 9.62661 -0.998948
2.70623 9.62661 -1.45859
2.64612 9.64407 -1.92713
2.64609 9.64408 -2.39358
2.5849 9.65988 -2.86712
2.58487 9.65989 -0.195798
2.52415 9.67549 -0.675223
2.52412 9.67549 -1.15081
2.46425 9.69119 -1.63206
2.46422 9.69119 -2.11212
2.40288 9.70644 -2.59945
2.40285 9.70645 -3.08281
2.34129 9.72196 -0.436895
2.34126 9.72197 -0.927121
2.27878 9.73654 -1.42253
2.27875 9.73655 -1.91811
2.21916 9.75024 -2.42256
2.21913 9.75025 -2.9211
2.15769 9.76433 -0.284978
2.15766 9.76434 -0.789779
2.09678 9.77803 -1.29932
2.09675 9.77803 -1.8062
2.0346 9.79033 -2.32364
2.03457 9.79033 -2.83592
1.97251 9.80224 -0.216286
1.97248 9.80225 -0.735294
1.9121 9.81584 -1.26149
1.91207 9.81585 -1.78492
1.85071 9.82711 2.2283
1.85068 9.82712 1.47551
1.78872 9.83828 0.987065
1.78869 9.83828 0.0459604
1.72771 9.84915 2.76246
1.72768 9.84916 0.243581
1.66482 9.86012 1.19333
1.66479 9.86013 2.2081
1.60178 9.87076 0.1522
1.60175 9.87077 1.14908
1.54042 9.88036 1.13217
1.54039 9.88037 1.83559
1.47864 9.89115 1.71694
1.47861 9.89115 1.66475
1.41626 9.89936 1.2796
1.41623 9.89936 1.06855
1.35472 9.90763 0.623771
1.35469 9.90764 0.217943
1.29227 9.91689 -0.294361
1.29224 9.91689 -0.76255
1.22973 9.92466 -1.30365
1.2297 9.92466 -1.82594
1.16683 9.93102 -2.38314
1.1668 9.93102 -2.92982
1.10328 9.93801 -0.35842
1.10325 9.93802 -0.920122
1.04208 9.94512 -1.49818
1.04204 9.94512 -2.0711
0.980285 9.9517 -2.65492
0.980254 9.95171 -0.0933888
0.916673 9.95764 -0.682361
0.916642 9.95765 -1.26797
0.853995 9.96303 -1.86073
0.853963 9.96303 -2.45102
0.790689 9.96921 -3.04994
0.790658 9.96921 -0.503247
0.728689 9.9731 -1.10643
0.728657 9.97311 -1.70683
0.66726 9.97739 -2.31645
0.667229 9.97739 -2.92187
0.604581 9.98149 -0.391633
0.60455 9.98149 -1.00185
0.540583 9.98542 -1.61942
0.540552 9.98542 -2.23293
0.478542 9.98802 -2.85882
0.47851 9.98802 -0.337682
0.415225 9.99059 -0.963343
0.415193 9.99059 -1.58915
0.352662 9.99367 -2.21666
0.352631 9.99367 -2.84296
0.290525 9.99602 -0.333574
0.290494 9.99603 -0.962709
0.226957 9.9967 -1.60045
0.226926 9.9967 -2.23457
0.165079 9.99799 -2.87403
0.165047 9.99799 -0.370774
0.101753 9.99911 -1.01625
0.101722 9.99911 -1.65779
0.0389552 9.99916 -2.3017
0.0389239 9.99916 -2.94664
-0.0242274 9.99864 -0.457329
-0.0242589 9.99864 -1.10415
-0.086541 9.99802 -1.76162
-0.0865725 9.99802 -2.41571
-0.149292 9.99786 -3.0757
-0.149324 9.99786 -0.592456
-0.211874 9.99699 -1.25848
-0.211905 9.99699 -1.92056
-0.275478 9.99495 -2.58786
-0.275509 9.99495 -0.112729
-0.337837 9.99364 -0.784222
-0.337869 9.99364 -1.45298
-0.400919 9.99046 -2.12713
-0.400951 9.99046 -2.79955
-0.463302 9.98848 -0.337915
-0.463333 9.98848 -1.01408
-0.525725 9.98497 -1.69535
-0.525757 9.98497 -2.37576
-0.588453 9.98241 -3.06303
-0.588484 9.98241 -0.604788
-0.650741 9.97929 -1.29762
-0.650773 9.97929 -1.98682
-0.714342 9.97424 -2.67714
-0.714373 9.97424 -0.227507
-0.777644 9.9695 -0.920681
-0.777675 9.9695 -1.61199
-0.840324 9.96498 -2.31211
-0.840355 9.96498 -3.00769
-0.903655 9.95975 -0.565053
-0.903686 9.95975 -1.26477
-0.966079 9.95262 -1.97235
-0.96611 9.95261 -2.67429
-1.02808 9.94652 -0.238394
-1.02811 9.94651 -0.945319
-1.09045 9.94083 -1.65994
-1.09048 9.94083 -2.36872
-1.15261 9.93222 -3.08398
-1.15264 9.93222 -0.657228
-1.21517 9.92482 -1.37648
-1.2152 9.92482 -2.09312
-1.2765 9.91718 -2.81298
-1.27653 9.91718 -0.390848
-1.33924 9.91049 -1.1117
-1.33927 9.91049 -1.83191
-1.4023 9.9013 -2.55489
-1.40233 9.9013 -0.134892
-1.46395 9.89294 -0.865564
-1.46398 9.89293 -1.59121
-1.52609 9.88362 -2.32327
-1.52612 9.88362 -3.05443
-1.58715 9.87229 -0.648696
-1.58718 9.87228 -1.38207
-1.65037 9.86225 -2.1187
-1.6504 9.86224 -2.85483
-1.71194 9.85264 -0.455354
-1.71197 9.85263 -1.19389
-1.77339 9.84155 -1.93949
-1.77343 9.84155 -2.68282
-1.83626 9.82984 -0.290379
-1.83629 9.82984 -1.03721
-1.89744 9.81817 -1.78758
-1.89747 9.81816 -2.53716
-1.95894 9.8063 -0.148766
-1.95897 9.8063 -0.900118
-2.02127 9.79398 -1.65659
-2.0213 9.79397 -2.41093
-2.08179 9.78051 -0.031377
-2.08182 9.7805 -0.789782
-2.14406 9.76651 -1.55059
-2.14409 9.7665 -2.3122
-2.205 9.7528 -3.07865
-2.20503 9.75279 -0.699816
-2.26556 9.74009 -1.46667
-2.26559 9.74009 -2.23326
-2.32686 9.72621 -3.00597
-2.32689 9.7262 -0.633261
-2.38681 9.71002 -1.40412
-2.38684 9.71002 -2.17619
-2.44772 9.69467 -2.95534
-2.44775 9.69466 -0.587482
-2.50912 9.68058 -1.36722
-2.50915 9.68057 -2.14657
-2.57005 9.66306 -2.93278
-2.57008 9.66306 -0.573163
-2.63131 9.64791 -1.36029
-2.63134 9.64791 -2.14682
-2.69173 9.62979 1.61071
-2.69176 9.62978 0.598815
-2.75261 9.61391 2.99766
-2.75264 9.6139 1.80136
-2.81227 9.59537 1.12067
-2.8123 9.59536 1.48863
-2.87368 9.5793 2.1856
-2.87371 9.57929 2.94575
-2.93301 9.5609 0.637107
-2.93304 9.56089 1.38122
-2.99422 9.54196 1.11487
-2.99425 9.54195 1.56669
-3.0539 9.52311 -0.202991
-3.05393 9.5231 -0.279339
-3.11186 9.50444 -0.960666
-3.11189 9.50443 -1.01183
-3.1727 9.48328 -1.80775
-3.17273 9.48327 -0.476415
-3.23267 9.46391 -2.72209
-3.2327 9.4639 -1.84225
-3.29274 9.44295 -1.1074
-3.29277 9.44294 -0.267322
-3.35114 9.42229 -1.6032
-3.35117 9.42228 -0.497075
-3.41011 9.40092 -1.7354
-3.41014 9.4009 -3.03746
-3.46772 9.37898 -0.882573
-3.46775 9.37897 -2.03366
-3.52698 9.3581 -2.97256
-3.52701 9.35809 -0.801095
-3.58606 9.33488 -1.6746
-3.58609 9.33487 -2.59083
-3.6457 9.31209 -0.304049
-3.64573 9.31208 -1.17108
-3.70274 9.28893 -2.00618
-3.70277 9.28892 -2.85416
-3.76248 9.26438 -0.545611
-3.76251 9.26437 -1.38
-3.82105 9.24196 -2.21286
-3.82108 9.24194 -3.04584
-3.87815 9.2171 -0.736631
-3.87818 9.21709 -1.56933
-3.9355 9.19236 -2.4016
-3.93553 9.19235 -0.092352
-3.99208 9.16718 -0.926402
-3.99211 9.16717 -1.75929
-4.04953 9.14121 -2.59352
-4.04956 9.14119 -0.286034
-4.10759 9.11637 -1.12523
-4.10762 9.11636 -1.96118
-4.16606 9.09048 -2.801
-4.16609 9.09047 -0.498824
-4.22182 9.06374 -1.3372
-4.22185 9.06373 -2.17653
-4.27979 9.03761 -3.0194
-4.27982 9.03759 -0.71775
-4.3369 9.01134 -1.56085
-4.33693 9.01132 -2.4038
-4.39411 8.98338 -0.110882
-4.39414 8.98336 -0.955913
-4.45008 8.9563 -1.80266
-4.45011 8.95628 -2.65066
-4.50534 8.9269 -0.364036
-4.50536 8.92689 -1.21363
-4.56144 8.89878 -2.06384
-4.56147 8.89877 -2.91715
-4.61751 8.86901 -0.627069
-4.61754 8.86899 -1.47773
-4.67413 8.84052 -2.33284
-4.67416 8.8405 -0.0440012
-4.72892 8.81145 -0.899855
-4.72895 8.81144 -1.75522
-4.78427 8.78225 -2.61197
-4.7843 8.78224 -0.326538
-4.83824 8.75195 -1.18811
-4.83827 8.75193 -2.04652
-4.89309 8.71976 -2.90621
-4.89312 8.71974 -0.625533
-4.94904 8.68842 -1.48609
-4.94907 8.6884 -2.34608
-5.00245 8.65812 -0.0666055
-5.00248 8.6581 -0.927704
-5.05748 8.62639 -1.79021
-5.0575 8.62637 -2.65246
-5.11041 8.5955 -0.375656
-5.11044 8.59549 -1.23895
-5.16451 8.56385 -2.10221
-5.16454 8.56383 -2.96647
-5.21852 8.53116 -0.687719
-5.21855 8.53115 -1.55083
-5.27221 8.49785 -2.4178
-5.27223 8.49783 -0.140477
-5.32493 8.46496 -1.00786
-5.32496 8.46495 -1.87496
-5.37865 8.4303 -2.74332
-5.37867 8.43029 -0.46944
-5.43052 8.39731 -1.34255
-5.43054 8.39729 -2.21255
-5.48449 8.36183 -3.08644
-5.48452 8.36181 -0.818227
-5.53677 8.32677 -1.68799
-5.5368 8.32675 -2.56045
-5.58699 8.29197 -0.290951
-5.58701 8.29196 -1.16152
-5.64086 8.25637 -2.03484
-5.64089 8.25635 -2.90736
-5.69257 8.22162 -0.639776
-5.69259 8.2216 -1.51333
-5.74406 8.18602 -2.38504
-5.74409 8.186 -0.116651
-5.79544 8.15009 -0.988242
-5.79547 8.15007 -1.85991
-5.84563 8.11386 -2.73549
-5.84566 8.11384 -0.466871
-5.89725 8.07702 -1.34026
-5.89728 8.07701 -2.21508
-5.94701 8.03902 -3.08911
-5.94703 8.03901 -0.82113
-5.99736 8.00043 -1.69662
-5.99738 8.00041 -2.57116
-6.04905 7.96262 -0.305378
-6.04907 7.9626 -1.18098
-6.09826 7.92527 -2.05451
-6.09828 7.92525 -2.92953
-6.14694 7.8865 -0.66581
-6.14696 7.88648 -1.54084
-6.19704 7.84897 -2.41871
-6.19707 7.84895 -0.154986
-6.2461 7.80894 -1.03384
-6.24613 7.80892 -1.91205
-6.29599 7.77104 -2.78837
-6.29602 7.77102 -0.524752
-6.34522 7.73057 -1.40553
-6.34525 7.73056 -2.28339
-6.39153 7.69027 -0.0225277
-6.39156 7.69025 -0.903288
-6.44092 7.64992 -1.78237
-6.44095 7.6499 -2.66253
-6.48878 7.6084 -0.40436
-6.48881 7.60838 -1.28495
-6.53769 7.56833 -2.1685
-6.53771 7.56831 -3.05197
-6.58526 7.52703 0.609686
-6.58529 7.52701 2.64315
-6.63113 7.48456 1.80932
-6.63116 7.48454 0.518809
-6.67811 7.44316 2.88746
-6.67813 7.44314 0.0223492
-6.72329 7.40123 0.632556
-6.72332 7.40121 1.30236
-6.77066 7.35913 2.04891
-6.77068 7.3591 2.70639
-6.81722 7.31578 2.35948
-6.81724 7.31575 2.72693
-6.86321 7.27201 2.27759
-6.86323 7.27199 1.89516
-6.90913 7.22976 1.18583
-6.90915 7.22974 0.646348
-6.95342 7.18622 -0.114776
-6.95345 7.1862 -0.842066
-6.99872 7.14196 2.86539
-6.99874 7.14194 2.10511
-7.04357 7.09738 0.43288
-7.04359 7.09736 2.86041
-7.08749 7.0533 0.362455
-7.08751 7.05328 0.582334
-7.13251 7.00791 2.26364
-7.13253 7.00789 3.14105
-7.1757 6.96337 1.90608
-7.17572 6.96335 0.523919
-7.21924 6.91848 0.556065
-7.21926 6.91846 1.8128
-7.26193 6.87307 1.67331
-7.26195 6.87305 1.64595
-7.3047 6.82685 1.06391
-7.30472 6.82683 0.770984
-7.34927 6.78141 0.09688
-7.34929 6.78138 -0.517079
-7.39092 6.73504 -1.30247
-7.39095 6.73502 -2.01516
-7.43326 6.68836 -2.83212
-7.43328 6.68834 -0.486866
-7.47634 6.64079 -1.34002
-7.47636 6.64076 -2.16954
-7.51716 6.59483 -3.03155
-7.51718 6.59481 -0.746182
-7.55955 6.54752 -1.6148
-7.55957 6.5475 -2.47909
-7.59944 6.49944 -0.206267
-7.59946 6.49941 -1.07493
-7.63989 6.45212 -1.9452
-7.63991 6.45209 -2.81449
-7.68009 6.4037 -0.540747
-7.68011 6.40367 -1.41018
-7.72076 6.35557 -2.2826
-7.72078 6.35554 -0.0104372
-7.76072 6.3069 -0.882867
-7.76074 6.30688 -1.75529
-7.80017 6.2588 -2.6261
-7.80019 6.25878 -0.35637
-7.83922 6.21002 -1.22699
-7.83924 6.20999 -2.09773
-7.87834 6.1609 -2.9653
-7.87836 6.16088 -0.693266
-7.91571 6.1099 -1.56043
-7.91573 6.10987 -2.42785
-7.95434 6.05894 -0.150037
-7.95436 6.05892 -1.01602
-7.99209 6.01009 -1.88383
-7.9921 6.01006 -2.749
-8.02927 5.96008 -0.472285
-8.02928 5.96005 -1.33907
-8.06783 5.91014 -2.2045
-8.06785 5.91012 -3.06957
-8.10367 5.85885 -0.790177
-8.10369 5.85882 -1.65449
-8.13984 5.80685 -2.5164
-8.13986 5.80682 -0.236907
-8.17587 5.75703 -1.09541
-8.17588 5.757 -1.95614
-8.21308 5.70403 -2.8187
-8.21309 5.704 -0.537016
-8.2492 5.65279 -1.39664
-8.24922 5.65277 -2.25818
-8.28399 5.6011 -3.11572
-8.28401 5.60108 -0.833027
-8.32051 5.54973 -1.68964
-8.32053 5.5497 -2.54686
-8.35408 5.49571 -0.258663
-8.3541 5.49568 -1.11416
-8.38841 5.44362 -1.96694
-8.38842 5.44359 -2.82012
-8.42183 5.39112 -0.527875
-8.42184 5.39109 -1.37946
-8.45542 5.33808 -2.22824
-8.45544 5.33806 -3.07739
-8.48839 5.285 -0.781087
-8.48841 5.28497 -1.62865
-8.5222 5.23117 -2.47338
-8.52222 5.23115 -0.176888
-8.55529 5.17765 -1.02265
-8.55531 5.17763 -1.86773
-8.58705 5.1235 -2.71083
-8.58706 5.12347 -0.41408
-8.6193 5.06961 -1.25975
-8.61932 5.06958 -2.10374
-8.6515 5.01499 -2.94381
-8.65152 5.01496 -0.645941
-8.68337 4.96036 -1.48591
-8.68339 4.96034 -2.32595
-8.71392 4.90696 -0.0204073
-8.71394 4.90693 -0.85902
-8.74367 4.85229 -1.69191
-8.74369 4.85226 -2.52687
-8.77426 4.79767 -0.219564
-8.77427 4.79764 -1.05294
-8.80463 4.74207 -1.88136
-8.80464 4.74205 -2.71362
-8.83334 4.68525 -0.400077
-8.83336 4.68523 -1.22837
-8.86249 4.63065 -2.05503
-8.86251 4.63062 -2.8826
-8.89163 4.57425 -0.564783
-8.89164 4.57422 -1.39044
-8.92112 4.51817 -2.21354
-8.92113 4.51815 -3.03708
-8.94849 4.46271 -0.715211
-8.9485 4.46268 -1.53714
-8.97683 4.40608 -2.36082
-8.97684 4.40605 -0.04033
-9.00383 4.34993 -0.856542
-9.00385 4.3499 -1.67764
-9.0312 4.29426 -2.49573
-9.03122 4.29423 -0.170999
-9.05794 4.23701 -0.987625
-9.05796 4.23699 -1.80521
-9.08486 4.17875 -2.61943
-9.08487 4.17872 -0.293631
-9.11061 4.12126 -1.10458
-9.11062 4.12123 -1.91766
-9.13621 4.06391 -2.72314
-9.13622 4.06388 -0.390593
-9.1621 4.00761 -1.19655
-9.16211 4.00758 -2.00219
-9.18788 3.94919 -2.80696
-9.18789 3.94916 -0.470917
-9.21151 3.89054 -1.27112
-9.21152 3.89051 -2.07431
-9.23638 3.83335 -2.87293
-9.23639 3.83332 -0.530992
-9.26074 3.77536 -1.32838
-9.26075 3.77533 -2.12658
-9.28389 3.71761 -2.92081
-9.28391 3.71758 -0.575515
-9.30797 3.65853 -1.36909
-9.30798 3.6585 -2.16309
-9.3292 3.60038 -2.94869
-9.32921 3.60035 -0.597899
-9.35133 3.54169 -1.38238
-9.35134 3.54167 -2.16758
-9.37409 3.48233 -2.94747
-9.3741 3.4823 -0.588767
-9.39665 3.42301 -1.36973
-9.39666 3.42298 -2.14999
-9.41731 3.36346 -2.92551
-9.41733 3.36343 -0.562995
-9.43796 3.30438 -1.3381
-9.43797 3.30435 -2.11347
-9.45954 3.2442 -2.882
-9.45955 3.24417 -0.513225
-9.4789 3.1866 -1.2835
-9.47891 3.18657 -2.05264
-9.49865 3.12726 -2.82353
-9.49866 3.12724 -0.452431
-9.51853 3.06775 -1.2166
-9.51854 3.06772 -1.98516
-9.53651 3.00621 -2.74601
-9.53652 3.00618 -0.367434
-9.55599 2.94678 0.275629
-9.556 2.94675 2.4319
-9.57267 2.88672 1.72452
-9.57268 2.88668 0.558203
-9.59142 2.8267 3.05568
-9.59143 2.82667 0.317841
-9.60841 2.76672 1.05794
-9.60842 2.76669 1.85693
-9.62556 2.7075 2.73404
-9.62556 2.70747 0.380044
-9.64356 2.64633 0.166676
-9.64357 2.6463 0.665714
-9.65973 2.58405 0.354952
-9.65974 2.58402 0.107817
-9.67586 2.52418 -0.461637
-9.67587 2.52415 -0.862088
-9.69216 2.46355 -1.48204
-9.69217 2.46352 -2.069
-9.70675 2.4034 -2.75362
-9.70676 2.40337 -0.254405
-9.7221 2.34074 -0.951041
-9.7221 2.34071 -1.63983
-9.73636 2.28029 -2.34991
-9.73637 2.28026 -3.05121
-9.7509 2.21995 -0.624046
-9.75091 2.21992 -1.33563
-9.76509 2.15811 -2.05096
-9.7651 2.15808 -2.76571
-9.77793 2.09757 -0.337898
-9.77794 2.09754 -1.05269
-9.78972 2.03563 -1.76382
-9.78972 2.0356 -2.47668
-9.8034 1.97452 -0.0455675
-9.80341 1.97449 -0.75647
-9.81656 1.91217 -1.4636
-9.81656 1.91214 -2.17291
-9.82721 1.85039 -2.8795
-9.82721 1.85036 -0.444848
-9.83866 1.78851 -2.54539
-9.83867 1.78848 -3.02406
-9.84968 1.7254 -0.627903
-9.84969 1.72537 -0.917445
-9.85995 1.6647 -1.72328
-9.85996 1.66467 -0.437265
-9.87039 1.60261 -2.6206
-9.8704 1.60258 -1.72563
-9.88126 1.53975 -0.900307
-9.88127 1.53972 -3.12973
-9.88975 1.47692 -1.20661
-9.88976 1.47688 -0.000681366
-9.89862 1.41602 -1.11729
-9.89863 1.41599 -2.30044
-9.90671 1.35367 -0.0119162
-9.90671 1.35364 -1.03715
-9.91479 1.29117 -1.83092
-9.91479 1.29114 -2.66342
-9.92366 1.22822 -0.24349
-9.92367 1.22819 -1.01225
-9.93056 1.16607 -1.71179
-9.93057 1.16604 -2.42578
-9.93834 1.10402 -3.10369
-9.93834 1.10399 -0.654142
-9.94551 1.04158 0.0676573
-9.94552 1.04155 2.5574
-9.95266 0.979659 1.06835
-9.95267 0.979627 0.519667
-9.95799 0.917708 1.37345
-9.958 0.917677 1.78586
-9.96291 0.854946 0.545107
-9.96292 0.854915 1.63591
-9.96795 0.792805 0.633015
-9.96795 0.792774 2.61632
-9.97258 0.729972 2.88871
-9.97258 0.72994 1.23876
-9.97714 0.666366 1.34523
-9.97715 0.666335 1.5601
-9.98126 0.605617 1.22656
-9.98126 0.605585 1.18048
-9.98536 0.541622 0.756478
-9.98536 0.541591 0.391575
-9.98873 0.479044 -0.140301
-9.98873 0.479013 -0.601704
-9.99174 0.415993 -1.15984
-9.99174 0.415962 -1.70082
-9.99376 0.352976 -2.28655
-9.99376 0.352945 -2.85425
-9.99466 0.289934 -0.309559
-9.99466 0.289903 -0.899162
-9.99642 0.227461 -1.49644
-9.99642 0.22743 -2.09347
-9.99749 0.16471 -2.69333
-9.99749 0.164679 -0.149911
-9.99838 0.101562 -0.742968
-9.99838 0.101531 -1.34047
-10.0004 0.0384604 -1.9333
-10.0004 0.0384289 -2.52628
-10.0004 -0.024573 -3.1149
-10.0004 -0.0246045 -0.564675
-9.99843 -0.0881749 -1.15007
-9.99844 -0.0882064 -1.73757
-9.99726 -0.150745 -2.31443
-9.99726 -0.150777 -2.89687
-9.99825 -0.212631 -0.330401
-9.99825 -0.212662 -0.906665
-9.99704 -0.274919 -1.47963
-9.99704 -0.27495 -2.054
-9.9937 -0.340206 -2.62367
-9.9937 -0.340237 -0.0538993
-9.99116 -0.400892 -0.620015
-9.99116 -0.400924 -1.18845
-9.98866 -0.464416 -1.74886
-9.98866 -0.464447 -2.31299
-9.98615 -0.525302 -2.86927
-9.98615 -0.525333 -0.286654
-9.98241 -0.589015 -0.841124
-9.98241 -0.589046 -1.39678
-9.97967 -0.652219 -1.94744
-9.97967 -0.65225 -2.5006
-9.97545 -0.71484 -3.04511
-9.97545 -0.714872 -0.452051
-9.96969 -0.777296 -0.993057
-9.96969 -0.777327 -1.53635
-9.96436 -0.839087 -2.0729
-9.96436 -0.839118 -2.61236
-9.95908 -0.902485 -0.00333757
-9.95908 -0.902516 -0.538505
-9.95338 -0.963901 -1.06238
-9.95338 -0.963933 -1.59194
-9.94676 -1.02706 -2.11387
-9.94676 -1.02709 -2.63708
-9.94054 -1.08936 -0.0125785
-9.94054 -1.08939 -0.532837
-9.93359 -1.15273 -1.04889
-9.93359 -1.15276 -1.56562
-9.92492 -1.21488 -2.07592
-9.92492 -1.21491 -2.58998
-9.91806 -1.27676 -3.09671
-9.91805 -1.27679 -0.46418
-9.90994 -1.3387 -0.966506
-9.90993 -1.33873 -1.47171
-9.90177 -1.40164 -1.96551
-9.90177 -1.40168 -2.46489
-9.89137 -1.46311 -2.95668
-9.89136 -1.46314 -0.308195
-9.88279 -1.52583 -0.795145
-9.88279 -1.52586 -1.28526
-9.8732 -1.58789 -1.76852
-9.8732 -1.58792 -2.25419
-9.86343 -1.64981 -2.73139
-9.86343 -1.64984 -0.0709614
-9.85291 -1.71137 -0.543925
-9.85291 -1.7114 -1.01966
-9.8418 -1.77373 -1.4862
-9.84179 -1.77376 -1.95694
-9.82908 -1.83527 -2.41911
-9.82908 -1.8353 -2.88414
-9.81752 -1.8974 -0.200101
-9.81751 -1.89743 -0.660672
-9.80617 -1.95949 -1.11665
-9.80617 -1.95952 -1.57366
-9.79433 -2.02194 -2.02122
-9.79432 -2.02197 -2.47428
-9.78031 -2.08238 -2.92049
-9.78031 -2.08241 -0.225992
-9.76631 -2.1427 -0.662917
-9.76631 -2.14273 -1.10591
-9.75228 -2.20354 -1.53876
-9.75228 -2.20357 -1.97427
-9.73813 -2.26598 -2.40455
-9.73812 -2.26601 -2.8365
-9.72531 -2.32704 -0.116772
-9.72531 -2.32707 -0.544128
-9.71017 -2.38714 -0.96625
-9.71016 -2.38717 -1.3882
-9.69532 -2.44831 -1.80392
-9.69531 -2.44834 -2.22382
-9.68006 -2.50977 -2.6343
-9.68005 -2.5098 -3.04821
-9.66329 -2.57034 -0.31237
-9.66329 -2.57037 -0.721213
-9.64789 -2.6323 -1.12254
-9.64788 -2.63233 -1.52676
-9.63096 -2.6929 -1.92383
-9.63095 -2.69293 -2.32368
-9.61381 -2.75282 -2.71206
-9.6138 -2.75285 -3.10612
-9.59523 -2.81319 -0.35091
-9.59522 -2.81322 -0.738597
-9.57892 -2.87361 -1.11555
-9.57891 -2.87364 -1.49866
-9.5594 -2.93426 -1.87669
-9.55939 -2.93429 -2.25402
-9.54173 -2.99385 -2.62286
-9.54173 -2.99388 -2.9977
-9.5226 -3.05303 -0.221445
-9.52259 -3.05306 -0.589071
-9.50263 -3.11231 -0.951877
-9.50262 -3.11234 -1.31634
-9.48287 -3.17211 -1.6754
-9.48286 -3.17214 -2.03691
-9.46367 -3.23197 -2.38776
-9.46366 -3.232 -2.74398
-9.44284 -3.29158 -3.09036
-9.44283 -3.29161 -0.298071
-9.4206 -3.35018 -0.63749
-9.42059 -3.35021 -0.981455
-9.40047 -3.40851 -1.31903
-9.40046 -3.40854 -1.6578
-9.37812 -3.4686 -1.98639
-9.37811 -3.46863 -2.32085
-9.35599 -3.52694 -2.64795
-9.35598 -3.52697 -2.97603
-9.33394 -3.58575 -0.154791
-9.33393 -3.58578 -0.479554
-9.31107 -3.64446 -0.798736
-9.31106 -3.64449 -1.11869
-9.28912 -3.70345 -1.43355
-9.2891 -3.70348 -1.75124
-9.26548 -3.76169 -2.06267
-9.26546 -3.76172 -2.37635
-9.23962 -3.81985 -2.67921
-9.23961 -3.81987 -2.98767
-9.21621 -3.8778 -0.1426
-9.21619 -3.87783 -0.443264
-9.19168 -3.93635 -0.734402
-9.19166 -3.93638 -1.02906
-9.1687 -3.99375 -1.31812
-9.16869 -3.99378 -1.60853
-9.14255 -4.05192 -1.89348
-9.14254 -4.05195 -2.18111
-9.11638 -4.10795 -2.45791
-9.11637 -4.10798 -2.74002
-9.08989 -4.1655 -3.01491
-9.08988 -4.16553 -0.149457
-9.06536 -4.22107 -0.415054
-9.06535 -4.2211 -0.686723
-9.03879 -4.27863 -0.943583
-9.03878 -4.27866 -1.20615
-9.01106 -4.33647 -1.45721
-9.01105 -4.3365 -1.71206
-8.98353 -4.39305 -1.95856
-8.98352 -4.39308 -2.20804
-8.95505 -4.45003 -2.45004
-8.95504 -4.45006 -2.69498
-8.92678 -4.50619 -2.93541
-8.92677 -4.50622 -0.0352653
-8.89866 -4.56174 -0.267265
-8.89864 -4.56177 -0.504771
-8.8689 -4.61676 -0.732751
-8.86889 -4.61679 -0.963358
-8.83881 -4.67233 -1.18441
-8.8388 -4.67236 -1.40999
-8.81059 -4.72773 -1.62666
-8.81057 -4.72775 -1.84619
-8.7809 -4.78204 -2.06076
-8.78088 -4.78207 -2.2767
-8.75158 -4.83874 -2.48284
-8.75156 -4.83877 -2.69449
-8.72134 -4.89348 -2.89915
-8.72132 -4.8935 -3.10478
-8.68887 -4.94691 -0.158572
-8.68885 -4.94694 -0.360015
-8.65898 -5.00192 -0.553919
-8.65897 -5.00195 -0.748789
-8.62765 -5.05679 -0.933226
-8.62764 -5.05681 -1.12385
-8.59542 -5.1119 -1.30416
-8.5954 -5.11193 -1.48717
-8.56423 -5.16506 -1.66031
-8.56422 -5.16509 -1.83814
-8.53085 -5.21892 -2.00684
-8.53084 -5.21894 -2.17844
-8.49751 -5.27286 -2.33779
-8.49749 -5.27289 -2.50325
-8.46412 -5.32542 -2.66313
-8.46411 -5.32545 -2.82267
-8.43111 -5.37876 -2.97784
-8.43109 -5.37879 -3.13609
-8.39554 -5.43127 -0.142036
-8.39552 -5.4313 -0.294563
-8.36294 -5.48437 -0.440091
-8.36292 -5.4844 -0.586932
-8.3272 -5.53694 -0.723299
-8.32719 -5.53696 -0.865651
-8.29045 -5.58883 -0.993273
-8.29043 -5.58886 -1.12661
-8.25626 -5.64121 -1.25111
-8.25624 -5.64124 -1.37765
-8.22199 -5.69147 -1.4998
-8.22197 -5.6915 -1.62348
-8.18523 -5.74289 -1.73745
-8.18522 -5.74292 -1.85676
-8.14807 -5.79465 -1.96656
-8.14805 -5.79467 -2.07909
-8.1126 -5.84567 -2.18201
-8.11258 -5.8457 -2.28942
-8.07558 -5.89668 -2.39057
-8.07556 -5.8967 -2.49287
-8.0381 -5.94773 -2.58506
-8.03808 -5.94776 -2.6831
-8.00057 -5.99745 -2.77381
-8.00055 -5.99748 -2.86548
-7.96291 -6.0479 -2.94679
-7.96289 -6.04792 -3.03424
-7.92437 -6.09882 -3.1069
-7.92435 -6.09885 -0.0436166
-7.88564 -6.14847 -0.113076
-7.88562 -6.14849 -0.184624
-7.84829 -6.19698 -0.249085
-7.84827 -6.19701 -0.316812
-7.808 -6.2464 -0.378065
-7.80799 -6.24643 -0.441415
-7.76844 -6.29575 -0.493961
-7.76842 -6.29578 -0.552196
-7.72897 -6.34501 -0.600316
-7.72895 -6.34504 -0.651328
-7.69005 -6.39348 -0.689754
-7.69003 -6.39351 -0.734513
-7.64913 -6.44092 -0.770772
-7.64911 -6.44094 -0.808447
-7.60898 -6.48858 -0.839598
-7.60896 -6.4886 -0.874086
-7.56824 -6.53638 -0.899596
-7.56822 -6.53641 -0.92879
-7.52713 -6.58358 -0.947928
-7.52711 -6.5836 -0.971228
-7.48555 -6.63002 -0.985669
-7.48553 -6.63004 -1.00318
-7.44367 -6.67743 -1.01107
-7.44365 -6.67746 -1.02325
-7.40195 -6.72545 -1.02664
-7.40193 -6.72548 -1.03297
-7.35896 -6.77035 -1.03434
-7.35894 -6.77037 -1.03703
-7.31666 -6.81685 -1.0326
-7.31664 -6.81687 -1.03196
-7.27253 -6.86184 -1.01653
-7.27251 -6.86186 -1.00828
-7.22969 -6.90732 -0.990215
-7.22967 -6.90735 -0.97387
-7.18545 -6.95382 -0.948456
-7.18542 -6.95384 -0.927842
-7.14273 -6.99974 -0.893756
-7.14271 -6.99976 -0.865336
-7.09785 -7.04331 -0.828543
-7.09783 -7.04333 -0.793519
-7.05424 -7.08861 -0.747245
-7.05422 -7.08863 -0.707166
-7.00961 -7.1337 -0.659138
-7.00959 -7.13372 -0.612256
-6.96445 -7.17688 -0.557332
-6.96443 -7.1769 -0.506913
-6.92038 -7.22153 -0.448108
-6.92036 -7.22155 -0.391839
-6.87457 -7.26398 -0.326467
-6.87455 -7.264 -0.265385
-6.82827 -7.3066 -0.19569
-6.82825 -7.30662 -0.128819
-6.78204 -7.3486 -0.0525794
-6.78201 -7.34862 0.0193846
-6.73575 -7.39066 0.101929
-6.73573 -7.39068 0.180354
-6.68936 -7.43309 0.267792
-6.68934 -7.43311 0.352033
-6.64227 -7.47636 0.448678
-6.64225 -7.47638 0.539309
-6.59493 -7.51677 0.638169
-6.59491 -7.51679 0.735582
-6.54799 -7.55759 0.841331
-6.54797 -7.55762 0.942579
-6.49966 -7.60009 1.04966
-6.49964 -7.60011 1.15586
-6.45158 -7.64047 1.27185
-6.45155 -7.64049 1.38202
-6.40267 -7.67995 1.50202
-6.40264 -7.67997 1.6194
-6.3556 -7.72115 1.74379
-6.35558 -7.72117 1.86532
-6.30613 -7.76092 1.9938
-6.30611 -7.76094 2.11961
-6.25811 -7.79981 2.25411
-6.25809 -7.79983 2.38467
-6.20799 -7.83953 2.52347
-6.20797 -7.83955 2.65945
-6.16022 -7.87758 2.80732
-6.16019 -7.8776 2.94926
-6.11036 -7.91617 3.10106
-6.11033 -7.91619 0.108703
-6.06009 -7.95361 0.265719
-6.06006 -7.95363 0.419333
-6.00999 -7.99196 0.582406
-6.00997 -7.99198 0.741521
-5.96011 -8.02969 2.30578
-5.96008 -8.02971 2.49542
-5.90984 -8.06769 1.84095
-5.90981 -8.06771 2.13199
-5.85966 -8.10391 0.682657
-5.85964 -8.10393 1.931
-5.80773 -8.14021 1.52744
-5.80771 -8.14023 0.314681
-5.75507 -8.17775 0.149715
-5.75504 -8.17776 2.97047
-5.70435 -8.21258 0.938195
-5.70432 -8.2126 0.125831
-5.65228 -8.24741 1.07196
-5.65226 -8.24743 2.1247
-5.60069 -8.28438 2.62825
-5.60066 -8.2844 0.279339
-5.54787 -8.31936 0.699933
-5.54784 -8.31937 1.17472
-5.49574 -8.35393 -3.06113
-5.49571 -8.35395 -2.45453
-5.44226 -8.38771 -2.21994
-5.44223 -8.38773 -1.5123
-5.39037 -8.4232 -1.36147
-5.39035 -8.42321 -2.24511
-5.33755 -8.45646 -0.341603
-5.33752 -8.45648 -1.63551
-5.2839 -8.48997 -3.0113
-5.28387 -8.48999 -1.15553
-5.2307 -8.52271 -1.43666
-5.23067 -8.52273 -2.43292
-5.17774 -8.5552 -2.61178
-5.17772 -8.55521 -2.85745
-5.12312 -8.58682 -2.77154
-5.1231 -8.58683 -2.85861
-5.06896 -8.61956 -2.71506
-5.06893 -8.61958 -2.60917
-5.01522 -8.65154 -2.39153
-5.01519 -8.65156 -2.22229
-4.96068 -8.68323 -1.98269
-4.96066 -8.68325 -1.75743
-4.90627 -8.71394 -1.49387
-4.90625 -8.71395 -1.24596
-4.85063 -8.74505 -0.97188
-4.8506 -8.74507 -0.70467
-4.79613 -8.77486 -0.416701
-4.7961 -8.77487 -0.137806
-4.74076 -8.80473 0.15422
-4.74074 -8.80474 0.443596
-4.68452 -8.8338 0.743796
-4.68449 -8.83382 1.03866
-4.62931 -8.86367 1.3453
-4.62929 -8.86369 1.64773
-4.5747 -8.89298 1.95964
-4.57467 -8.893 2.26811
-4.51915 -8.92108 2.58664
-4.51913 -8.92109 2.90084
-4.46196 -8.94934 0.0797645
-4.46193 -8.94935 0.398983
-4.40543 -8.97612 0.725797
-4.4054 -8.97614 1.04849
-4.34898 -9.00385 1.38105
-4.34895 -9.00386 1.70985
-4.29319 -9.03147 2.04717
-4.29316 -9.03148 2.38138
-4.23744 -9.05864 2.7251
-4.23741 -9.05866 3.06464
-4.17816 -9.08526 0.273146
-4.17813 -9.08528 0.619078
-4.12222 -9.11059 0.971419
-4.12219 -9.1106 1.32229
-4.06546 -9.13667 1.68088
-4.06543 -9.13669 2.03539
-4.0068 -9.16163 2.39788
-4.00677 -9.16164 2.75783
-3.94923 -9.18611 3.12673
-3.9492 -9.18613 0.349853
-3.89162 -9.21131 0.720433
-3.89159 -9.21132 1.08992
-3.83289 -9.23607 1.46481
-3.83286 -9.23608 1.83688
-3.77593 -9.25903 2.21719
-3.77591 -9.25905 2.59396
-3.71773 -9.28329 2.97589
-3.7177 -9.2833 0.215176
-3.65929 -9.30605 0.60574
-3.65926 -9.30606 0.990664
-3.60177 -9.32873 1.37998
-3.60174 -9.32874 1.77011
-3.54141 -9.35065 2.16576
-3.54138 -9.35067 2.55727
-3.48288 -9.37345 2.95605
-3.48285 -9.37346 0.211186
-3.42251 -9.39487 0.616323
-3.42248 -9.39488 1.0173
-3.36536 -9.41584 1.42845
-3.36533 -9.41585 1.83567
-3.30594 -9.43747 2.25163
-3.30591 -9.43748 2.66444
-3.24688 -9.45783 3.08686
-3.24685 -9.45784 0.363471
-3.18712 -9.47753 0.787779
-3.18709 -9.47754 1.21086
-3.12659 -9.49778 1.63874
-3.12656 -9.49779 2.06429
-3.06646 -9.51847 2.50021
-3.06643 -9.51848 2.93087
-3.0075 -9.53685 0.22962
-3.00747 -9.53686 0.667072
-2.9474 -9.5543 1.11167
-2.94737 -9.55431 1.55348
-2.8868 -9.57331 2.00224
-2.88677 -9.57332 2.44828
-2.82705 -9.5916 2.90303
-2.82702 -9.59161 0.212271
-2.7682 -9.60896 0.668697
-2.76817 -9.60897 1.12403
-2.70783 -9.62618 1.5892
-2.7078 -9.62619 2.04866
-2.64506 -9.64413 2.5198
-2.64503 -9.64414 2.98704
-2.58508 -9.66009 0.319266
-2.58505 -9.6601 0.791332
-2.52374 -9.67578 1.27139
-2.52371 -9.67578 1.74737
-2.46263 -9.69151 2.22877
-2.4626 -9.69152 2.7093
-2.40287 -9.70611 0.0552082
-2.40284 -9.70611 0.538728
-2.34187 -9.72176 1.02994
-2.34184 -9.72176 1.51873
-2.28027 -9.7362 2.02085
-2.28024 -9.73621 2.51584
-2.21906 -9.74987 3.0201
-2.21903 -9.74988 0.381359
-2.15762 -9.76385 0.888352
-2.15759 -9.76386 1.39355
-2.09707 -9.77735 1.9059
-2.09704 -9.77736 2.41475
-2.03643 -9.78871 2.93288
-2.0364 -9.78872 0.305636
-1.97421 -9.80276 0.825689
-1.97418 -9.80277 1.34449
-1.91198 -9.81474 1.86608
-1.91195 -9.81474 2.38667
-1.85034 -9.82763 2.91341
-1.85031 -9.82764 0.295195
-1.78852 -9.83922 0.830106
-1.78849 -9.83922 1.35968
-1.72705 -9.84864 1.89409
-1.72702 -9.84864 2.42882
-1.66546 -9.85882 2.97219
-1.66543 -9.85882 0.368117
-1.60328 -9.86927 0.912467
-1.60325 -9.86928 1.45618
-1.5412 -9.87963 -2.52381
-1.54117 -9.87964 -1.99964
-1.47868 -9.88972 -0.613658
-1.47865 -9.88973 -0.17688
-1.41661 -9.89896 -1.12557
-1.41658 -9.89897 -1.63822
-1.35413 -9.90754 -0.481171
-1.3541 -9.90755 -1.663
-1.29181 -9.91661 -0.737957
-1.29178 -9.91661 -2.80294
-1.22965 -9.92465 -3.1401
-1.22962 -9.92465 -1.56348
-1.16719 -9.93301 -1.72993
-1.16716 -9.93301 -2.00791
-1.10458 -9.93822 -1.72098
-1.10455 -9.93822 -1.73025
-1.04289 -9.94527 -1.35281
-1.04286 -9.94528 -1.03449
-0.98081 -9.95101 -0.538936
-0.980779 -9.95101 -0.120543
-0.916099 -9.95728 0.416917
-0.916068 -9.95728 0.927002
-0.85387 -9.96302 1.49361
-0.853839 -9.96303 2.04117
-0.79223 -9.96773 2.6253
-0.792199 -9.96773 0.0563849
-0.7292 -9.97262 0.651876
-0.729169 -9.97262 1.23994
-0.666864 -9.97673 1.84531
-0.666832 -9.97673 2.44423
-0.603353 -9.98152 3.05334
-0.603322 -9.98152 0.518417
-0.541123 -9.98577 1.13477
-0.541091 -9.98577 1.7464
-0.478323 -9.98888 2.36447
-0.478292 -9.98888 2.98141
-0.416017 -9.99062 0.464259
-0.415986 -9.99063 1.08454
-0.353619 -9.99322 1.71468
-0.353588 -9.99323 2.3411
-0.290953 -9.99534 -1.57286
-0.290921 -9.99534 -0.717761
-0.225988 -9.99736 -0.132209
-0.225957 -9.99736 -2.23419
-0.162528 -9.99858 -1.70614
-0.162496 -9.99858 -2.22972
-0.100463 -9.99908 -3.0763
-0.100431 -9.99908 -0.846447
-0.037734 -10 -1.82759
-0.0377027 -10 -2.72082
0.0246703 -10.0003 -2.60182
0.0247015 -10.0003 -0.0599541
0.0868966 -9.99932 0.160823
0.0869279 -9.99932 0.315108
0.149721 -9.99778 0.801841
0.149752 -9.99778 1.11483
0.211373 -9.99724 1.66112
0.211404 -9.99724 2.16851
0.275269 -9.99636 2.78219
0.2753 -9.99636 0.210262
0.337242 -9.99354 0.845544
0.337273 -9.99354 1.46672
0.400151 -9.99219 2.1244
0.400182 -9.99219 2.76745
0.462615 -9.98972 0.291107
0.462647 -9.98971 0.951414
0.526399 -9.98701 1.6272
0.52643 -9.98701 2.29611
0.588544 -9.98257 2.97487
0.588576 -9.98257 0.510094
0.651651 -9.9786 1.19614
0.651683 -9.97859 1.87743
0.715391 -9.97356 2.56956
0.715422 -9.97356 0.116128
0.776748 -9.96911 0.807987
0.77678 -9.96911 1.50003
0.839998 -9.96509 2.19777
0.840029 -9.96509 2.89167
0.901871 -9.96058 0.451113
0.901903 -9.96057 1.15
0.963568 -9.95364 1.85012
0.963599 -9.95363 2.55084
1.02648 -9.94713 0.114528
1.02652 -9.94713 0.81644
1.08946 -9.94079 1.52669
1.0895 -9.94078 2.23369
1.15217 -9.93385 2.94835
1.1522 -9.93384 0.51853
1.21568 -9.92587 1.23673
1.21571 -9.92587 1.95262
1.27872 -9.91843 2.67224
1.27875 -9.91842 0.249345
1.33942 -9.91024 0.97448
1.33945 -9.91024 1.69602
1.40312 -9.90096 2.41949
1.40315 -9.90096 0.0024502
1.4651 -9.89197 0.734152
1.46513 -9.89197 1.46048
1.52733 -9.88199 2.19734
1.52736 -9.88199 2.93083
1.58832 -9.8728 0.528561
1.58835 -9.8728 1.26628
1.65062 -9.8621 2.00443
1.65065 -9.86209 2.74335
1.71202 -9.85177 0.34486
1.71205 -9.85177 1.08473
1.77451 -9.84059 1.82817
1.77454 -9.84058 2.57139
1.83635 -9.82945 0.178921
1.83639 -9.82945 0.924333
1.89763 -9.81813 1.67423
1.89767 -9.81813 2.42363
1.95911 -9.80522 0.0378433
1.95914 -9.80521 0.789791
2.0201 -9.7934 1.54649
2.02013 -9.79339 2.30261
2.08178 -9.78017 3.06264
2.08181 -9.78016 0.678898
2.14434 -9.7662 1.43953
2.14437 -9.76619 2.19977
2.2053 -9.75286 2.96576
2.20533 -9.75286 0.586656
2.26613 -9.73902 1.35609
2.26616 -9.73901 2.12327
2.32713 -9.7243 2.89886
2.32716 -9.7243 0.528837
2.38717 -9.70983 1.3033
2.3872 -9.70982 2.0785
2.44897 -9.695 2.85422
2.449 -9.69499 0.487519
2.51008 -9.68057 1.26767
2.51011 -9.68056 2.04493
2.57036 -9.6642 2.83043
2.57039 -9.6642 0.470848
2.63187 -9.64693 1.258
2.6319 -9.64693 2.04408
2.6913 -9.62885 2.82999
2.69133 -9.62885 0.475124
2.75258 -9.6128 1.2658
2.75261 -9.61279 2.05336
2.81312 -9.59655 2.84432
2.81315 -9.59654 0.493506
2.87353 -9.57816 1.28747
2.87356 -9.57816 2.07947
2.93436 -9.56087 2.87386
2.93439 -9.56087 0.526376
2.99318 -9.54218 1.32603
2.99321 -9.54217 2.12224
3.05335 -9.52261 2.92263
3.05338 -9.5226 0.580946
3.1127 -9.50196 1.3845
3.11273 -9.50195 2.18598
3.17191 -9.48298 2.99007
3.17194 -9.48297 0.652219
3.23162 -9.4629 1.45975
3.23165 -9.46289 2.26504
3.29153 -9.4428 3.07499
3.29156 -9.44279 0.741766
3.34986 -9.42116 1.55279
3.34989 -9.42115 2.36311
3.40971 -9.39976 0.0404052
3.40974 -9.39975 0.854154
3.46921 -9.37786 1.66893
3.46924 -9.37785 2.48639
3.52842 -9.35603 0.165384
3.52845 -9.35602 0.982173
3.58644 -9.33458 1.80254
3.58647 -9.33457 2.62305
3.64606 -9.31117 0.307641
3.64609 -9.31116 1.13002
3.70496 -9.28836 1.95421
3.70499 -9.28835 2.7797
3.76216 -9.26516 0.463366
3.76219 -9.26514 1.28792
3.82007 -9.24078 2.11287
3.8201 -9.24077 2.93801
3.87731 -9.21761 0.626093
3.87734 -9.2176 1.45267
3.93605 -9.19357 2.28739
3.93608 -9.19356 3.11882
3.99392 -9.16803 0.810951
3.99395 -9.16802 1.64533
4.05052 -9.14226 -2.06348
4.05055 -9.14225 -1.00425
4.1073 -9.11807 -0.21301
4.10732 -9.11805 -2.10965
4.16496 -9.09153 -1.38002
4.16499 -9.09151 -1.69933
4.22324 -9.06469 -2.34923
4.22327 -9.06468 -3.06109
4.28081 -9.03717 -0.7036
4.28083 -9.03716 -1.40003
4.33669 -9.01169 -1.0896
4.33672 -9.01168 -1.49423
4.39277 -8.98508 -1.0781
4.3928 -8.98507 -0.731021
4.44883 -8.95604 -0.0569172
4.44886 -8.95603 0.448655
4.50554 -8.92892 1.18038
4.50557 -8.92891 1.87446
4.56092 -8.89973 2.67077
4.56095 -8.89971 0.283299
4.61668 -8.86964 1.10308
4.61671 -8.86963 1.90752
4.673 -8.84058 1.0025
4.67303 -8.84057 1.60227
4.72768 -8.81135 2.49642
4.72771 -8.81133 2.92638
4.78311 -8.78293 0.740741
4.78314 -8.78292 2.74551
4.83903 -8.7523 1.94838
4.83906 -8.75229 1.20734
4.89287 -8.72124 0.549321
4.8929 -8.72123 2.94201
4.94895 -8.68925 1.19394
4.94897 -8.68923 0.157996
5.00157 -8.65774 1.44746
5.0016 -8.65773 2.80491
5.05666 -8.62767 0.697917
5.05669 -8.62765 1.89902
5.11015 -8.59546 2.87943
5.11018 -8.59544 0.753649
5.1641 -8.56243 1.6717
5.16413 -8.56242 2.63048
5.21832 -8.53054 0.387164
5.21835 -8.53052 1.29836
5.27374 -8.49715 2.18013
5.27377 -8.49714 3.07269
5.32603 -8.46328 0.808284
5.32606 -8.46327 1.68847
5.37918 -8.42879 2.56138
5.3792 -8.42878 0.295498
5.43111 -8.39589 1.16419
5.43113 -8.39588 2.03565
5.4838 -8.36224 2.91007
5.48383 -8.36223 0.639155
5.53556 -8.32817 1.51065
5.53558 -8.32815 2.38406
5.58801 -8.29378 0.119445
5.58803 -8.29376 0.992842
5.64047 -8.25775 1.86717
5.64049 -8.25773 2.74323
5.69185 -8.22241 0.474223
5.69187 -8.22239 1.34795
5.7433 -8.18601 2.21973
5.74332 -8.18599 3.09204
5.79508 -8.14927 0.826273
5.79511 -8.14925 1.69946
5.8473 -8.1125 2.5756
5.84733 -8.11248 0.309936
5.89735 -8.07603 1.18436
5.89738 -8.07601 2.05991
5.94791 -8.03872 2.93874
5.94794 -8.0387 0.673108
5.99908 -7.99989 1.54943
5.9991 -7.99988 2.4274
6.04794 -7.96352 0.162826
6.04796 -7.9635 1.03939
6.09687 -7.92425 1.91328
6.09689 -7.92423 2.78921
6.14696 -7.88704 0.525815
6.14698 -7.88702 1.40119
6.19736 -7.84795 2.27655
6.19738 -7.84794 0.0121743
6.24631 -7.80819 0.890808
6.24634 -7.80817 1.7673
6.29631 -7.77006 2.64759
6.29633 -7.77004 0.385198
6.34509 -7.73012 1.26641
6.34511 -7.7301 2.14702
6.39319 -7.69013 3.02607
6.39321 -7.69011 0.764943
6.44215 -7.64992 1.6466
6.44217 -7.6499 2.52655
6.48817 -7.60845 0.26567
6.48819 -7.60843 1.147
6.53694 -7.5682 2.03084
6.53697 -7.56818 2.91263
6.5842 -7.52602 0.652384
6.58423 -7.526 1.53536
6.63162 -7.48515 2.41447
6.63164 -7.48513 0.153441
6.67762 -7.44388 1.03358
6.67764 -7.44386 1.91305
6.72336 -7.40136 2.79282
6.72338 -7.40134 0.531247
6.77026 -7.35909 1.4112
6.77028 -7.35907 2.29104
6.81605 -7.31511 0.0293486
6.81608 -7.31509 0.909285
6.86217 -7.27294 1.7911
6.8622 -7.27292 2.67167
6.90853 -7.22972 0.412111
6.90855 -7.2297 1.294
6.95459 -7.18686 2.1765
6.95461 -7.18683 3.0587
6.99875 -7.14378 0.794394
6.99877 -7.14376 1.67509
7.04297 -7.09837 2.55905
7.043 -7.09835 0.297065
7.08644 -7.05413 1.18064
7.08646 -7.05411 2.06447
7.13145 -7.00916 2.94422
7.13147 -7.00914 0.684882
7.17551 -6.96412 1.56673
7.17553 -6.9641 2.4472
7.21952 -6.9198 0.184195
7.21954 -6.91978 1.06491
7.26269 -6.87351 1.94092
7.26272 -6.87349 2.81861
7.30679 -6.82748 0.55652
7.30681 -6.82746 1.43374
7.34926 -6.78112 2.31043
7.34928 -6.7811 0.0473579
7.3924 -6.73479 0.92448
7.39242 -6.73476 1.80132
7.43454 -6.68802 2.67522
7.43456 -6.68799 0.409632
7.47522 -6.64091 1.28777
7.47524 -6.64089 2.16314
7.51709 -6.59455 3.03842
7.51711 -6.59452 0.77397
7.55821 -6.54801 1.64985
7.55823 -6.54798 2.52534
7.60001 -6.49994 0.259064
7.60003 -6.49992 1.13475
7.64015 -6.45125 2.00748
7.64017 -6.45122 2.8819
7.67984 -6.40374 -2.18148
7.67986 -6.40372 -1.10717
7.72012 -6.3554 -2.59864
7.72014 -6.35537 -1.43688
7.76077 -6.3067 -2.18492
7.76079 -6.30667 -0.40305
7.79984 -6.25902 -0.432124
7.79986 -6.25899 -2.8573
7.83769 -6.20896 -0.114173
7.83771 -6.20893 -0.271314
7.87756 -6.15889 -0.849305
7.87758 -6.15887 -0.220814
7.91583 -6.10987 -0.529079
7.91585 -6.10985 -1.01356
7.95472 -6.05984 -0.61396
7.95474 -6.05982 -0.676809
7.9937 -6.01027 -0.13557
7.99372 -6.01024 0.313132
8.03017 -5.95924 1.03362
8.03018 -5.95921 1.63701
8.06584 -5.90886 2.40849
8.06586 -5.90883 0.00506087
8.10354 -5.85718 0.82325
8.10355 -5.85716 1.61092
8.14067 -5.80629 2.4463
8.14069 -5.80627 0.128849
8.17748 -5.75617 0.974195
8.1775 -5.75614 1.81303
8.21406 -5.70432 2.66348
8.21407 -5.7043 0.369005
8.24827 -5.65277 1.2242
8.24829 -5.65274 2.0763
8.28307 -5.60063 2.93324
8.28309 -5.6006 0.647452
8.31781 -5.54946 1.50301
8.31783 -5.54943 2.35947
8.35265 -5.49782 0.0710229
8.35267 -5.49779 0.925744
8.38695 -5.44425 1.77828
8.38696 -5.44423 2.63121
8.42187 -5.39126 0.338885
8.42189 -5.39123 1.19029
8.45601 -5.33835 2.03637
8.45603 -5.33833 2.88453
8.48794 -5.28506 0.587889
8.48796 -5.28504 1.43358
8.52196 -5.23255 2.27768
8.52197 -5.23252 3.12234
8.55443 -5.17859 0.82637
8.55445 -5.17857 1.671
8.58794 -5.12355 2.51396
8.58796 -5.12352 0.217074
8.61918 -5.07031 1.06005
8.6192 -5.07028 1.90302
8.65131 -5.01519 2.74541
8.65133 -5.01516 0.446585
8.68169 -4.9612 1.28624
8.6817 -4.96117 2.12768
8.71365 -4.90729 2.96424
8.71366 -4.90726 0.661222
8.74376 -4.85278 1.49677
8.74377 -4.85275 2.33298
8.77331 -4.79695 0.0234708
8.77332 -4.79692 0.85782
8.8042 -4.74127 1.69191
8.80421 -4.74124 2.52468
8.83387 -4.68577 0.211334
8.83389 -4.68574 1.04339
8.86333 -4.63115 1.87138
8.86335 -4.63112 2.69954
8.89149 -4.57464 0.384582
8.89151 -4.57461 1.2121
8.91931 -4.5185 2.03586
8.91933 -4.51847 2.86151
8.94854 -4.46237 0.544909
8.94856 -4.46234 1.3691
8.97688 -4.4073 2.18905
8.97689 -4.40727 3.0123
9.0043 -4.34877 0.687685
9.00431 -4.34875 1.50661
9.03023 -4.29284 2.31943
9.03024 -4.29281 3.13497
9.05738 -4.23602 0.802365
9.05739 -4.23599 1.61386
9.08475 -4.17929 2.42146
9.08476 -4.17926 0.0883711
9.11048 -4.12234 0.896796
9.11049 -4.12231 1.70468
9.13676 -4.06528 2.50837
9.13677 -4.06525 0.17356
9.16187 -4.00772 0.974197
9.16188 -4.0077 1.77683
9.1873 -3.94985 2.57339
9.18731 -3.94982 0.231024
9.21092 -3.89168 1.02639
9.21093 -3.89165 1.82253
9.23574 -3.83502 2.62139
9.23576 -3.83499 0.276367
9.26041 -3.77529 1.0727
9.26042 -3.77526 1.87067
9.28283 -3.71733 2.66297
9.28284 -3.7173 0.316307
9.30644 -3.65907 1.10488
9.30645 -3.65904 1.89588
9.32977 -3.60081 2.68499
9.32978 -3.60078 0.332151
9.35232 -3.54184 1.12046
9.35233 -3.54181 1.9093
9.37438 -3.48269 2.69046
9.37439 -3.48266 0.334703
9.39465 -3.42351 1.11481
9.39467 -3.42348 1.89561
9.41694 -3.36421 2.67587
9.41695 -3.36418 0.314442
9.4364 -3.30516 1.09447
9.43641 -3.30513 1.87465
9.4573 -3.24531 2.64751
9.45731 -3.24528 0.283454
9.47825 -3.18615 1.05272
9.47826 -3.18612 1.82434
9.49876 -3.12658 2.58892
9.49877 -3.12655 0.214972
9.51782 -3.0675 0.978158
9.51783 -3.06747 1.74226
9.53642 -3.00678 2.50158
9.53643 -3.00675 0.12183
9.55564 -2.94632 0.88035
9.55565 -2.94629 1.63939
9.57295 -2.88661 2.39431
9.57296 -2.88658 0.00998514
9.58979 -2.82784 0.764264
9.5898 -2.82781 1.51896
9.6084 -2.76657 2.26971
9.60841 -2.76654 3.02277
9.62734 -2.70626 0.631358
9.62735 -2.70623 1.38191
9.64363 -2.64421 2.12404
9.64364 -2.64418 2.87143
9.66025 -2.58455 0.472749
9.66026 -2.58452 1.21515
9.67586 -2.52366 1.95367
9.67586 -2.52363 2.69507
9.69189 -2.46287 0.291656
9.6919 -2.46284 1.03006
9.7069 -2.40287 1.7672
9.70691 -2.40284 2.50502
9.72264 -2.34134 0.0931822
9.72265 -2.34131 0.82776
9.73651 -2.28146 1.55372
9.73652 -2.28143 2.28216
9.7497 -2.21899 3.00336
9.74971 -2.21896 0.586076
9.76406 -2.15845 1.30582
9.76407 -2.15842 2.02652
9.77669 -2.09708 2.74237
9.77669 -2.09705 0.319175
9.79095 -2.03584 1.03156
9.79095 -2.03581 1.74621
9.80367 -1.97458 2.45997
9.80367 -1.97455 0.0312406
9.81435 -1.91181 0.741704
9.81436 -1.91178 1.45432
9.82666 -1.85155 2.15753
9.82667 -1.85152 2.86547
9.8393 -1.78909 0.422817
9.8393 -1.78906 1.12454
9.84966 -1.72715 1.81866
9.84967 -1.72712 2.51593
9.86064 -1.6643 0.0669187
9.86065 -1.66427 0.760505
9.87091 -1.60206 1.4518
9.87092 -1.60203 2.14393
9.88143 -1.54046 2.82943
9.88143 -1.54043 0.377116
9.89107 -1.47832 1.0616
9.89108 -1.47829 1.74675
9.90038 -1.41596 2.42717
9.90038 -1.41593 3.11024
9.9085 -1.35397 0.64381
9.9085 -1.35394 1.32241
9.91626 -1.29264 1.99335
9.91627 -1.29261 2.66706
9.92377 -1.22964 0.194725
9.92378 -1.22961 0.865089
9.93206 -1.16737 1.53052
9.93207 -1.16734 2.19846
9.93845 -1.10531 2.86307
9.93845 -1.10528 0.386624
9.94403 -1.04213 1.04494
9.94403 -1.0421 1.70736
9.95263 -0.978509 2.36475
9.95263 -0.978477 3.02274
9.95764 -0.917116 0.532467
9.95764 -0.917084 1.18775
9.96367 -0.854693 1.83546
9.96368 -0.854662 2.48553
9.96919 -0.793077 3.12879
9.96919 -0.793046 0.63337
9.97393 -0.729497 1.26807
9.97393 -0.729466 1.90837
9.97679 -0.667152 2.54105
9.97679 -0.667121 0.033455
9.9827 -0.603836 0.661277
9.9827 -0.603804 1.29227
9.98512 -0.541102 1.91907
9.98513 -0.541071 2.54654
9.98782 -0.477935 0.0278729
9.98783 -0.477904 0.653328
9.99109 -0.41554 1.27289
9.99109 -0.415508 1.89465
9.99277 -0.353437 2.50841
9.99277 -0.353406 3.12595
9.9948 -0.290777 0.594003
9.9948 -0.290746 1.20633
9.99769 -0.226752 1.81151
9.9977 -0.226721 2.4196
9.99747 -0.163888 3.02331
9.99747 -0.163856 0.486388
9.99953 -0.101664 0.696019
9.99953 -0.101664 0.696019
