4.24819e-317 3.39917e-321 0
4.24819e-317 3.39917e-321 -0.83547
4.24819e-317 3.39917e-321 -1.35115
4.24819e-317 3.39917e-321 -1.63277
4.24819e-317 3.39917e-321 -1.76844
4.24819e-317 3.39917e-321 -1.81718
4.24819e-317 3.39917e-321 -1.81541
4.24819e-317 3.39917e-321 -1.78455
4.24819e-317 3.39917e-321 -1.73745
4.24819e-317 3.39917e-321 -1.68117
9.97944 0.625929 -1.61958
9.97944 0.625929 -1.5641
9.97944 0.625929 -1.50319
9.97944 0.625929 -1.43929
9.97944 0.625929 -1.37388
9.97944 0.625929 -1.30781
9.97944 0.625929 -1.24157
9.97944 0.625929 -1.17523
9.97944 0.625929 -1.10943
9.97944 0.625929 -1.04393
9.97944 0.625929 -0.979189
9.94339 1.01361 -0.915319
9.94339 1.01361 -0.850762
9.94338 1.01369 -0.787018
9.94337 1.0138 -0.723756
9.94336 1.01392 -0.661357
9.94335 1.014 -0.599446
9.94335 1.014 -0.538378
9.94335 1.014 -0.478014
9.94335 1.014 -0.418271
9.94335 1.014 -0.358888
9.94335 1.014 -0.299713
9.86809 1.54491 -0.241242
9.86809 1.54491 -0.182386
9.86807 1.54502 -0.124129
9.86805 1.54517 -0.0668176
9.86803 1.54533 -0.0102667
9.86801 1.54544 0.0458597
9.86801 1.54544 0.101186
9.86801 1.54544 0.155835
9.86801 1.54544 0.209877
9.86801 1.54544 0.263567
9.86801 1.54544 0.316687
9.75576 2.12753 0.369261
9.75576 2.12753 0.422306
9.75574 2.12765 0.474228
9.75571 2.12782 0.525491
9.75567 2.12799 0.576159
9.75565 2.12811 0.625912
9.75565 2.12811 0.675158
9.75565 2.12811 0.723526
9.75565 2.12811 0.771172
9.75565 2.12811 0.818401
9.75565 2.12811 0.86502
9.60209 2.72215 0.911286
9.60209 2.72215 0.957958
9.60206 2.72227 1.00381
9.60201 2.72244 1.04882
9.60196 2.72262 1.09313
9.60193 2.72274 1.13667
9.60193 2.72274 1.17956
9.60193 2.72274 1.22208
9.60193 2.72274 1.26437
9.60193 2.72274 1.30596
9.60193 2.72274 1.34676
9.4135 3.31564 1.38669
9.4135 3.31564 1.42731
9.41346 3.31576 1.46735
9.4134 3.31594 1.50648
9.41335 3.31611 1.54485
9.41331 3.31623 1.5828
9.41331 3.31623 1.6199
9.41331 3.31623 1.65652
9.41331 3.31623 1.69227
9.41331 3.31623 1.72753
9.41331 3.31623 1.76206
9.18822 3.8978 1.79581
9.18822 3.8978 1.8302
9.18818 3.89792 1.86388
9.18811 3.89809 1.89657
9.18804 3.89827 1.9287
9.188 3.89838 1.95991
9.188 3.89838 1.99058
9.188 3.89838 2.02034
9.188 3.89838 2.04936
9.188 3.89838 2.07738
9.188 3.89838 2.10481
8.92583 4.46531 2.13132
8.92583 4.46531 2.15847
8.92578 4.46542 2.18484
8.9257 4.46559 2.21077
8.92562 4.46576 2.23587
8.92557 4.46588 2.26047
8.92557 4.46588 2.28418
8.92557 4.46588 2.30716
8.92557 4.46588 2.32934
8.92557 4.46588 2.35086
8.92557 4.46588 2.3714
8.62754 5.01662 2.39137
8.62754 5.01662 2.412
8.62748 5.01673 2.43147
8.62739 5.0169 2.4505
8.6273 5.01706 2.46907
8.62724 5.01717 2.48677
8.62724 5.01717 2.50357
8.62724 5.01717 2.51963
8.62724 5.01717 2.53506
8.62724 5.01717 2.54974
8.62724 5.01717 2.56379
8.29423 5.5493 2.57709
8.29423 5.5493 2.59098
8.29416 5.5494 2.60422
8.29406 5.54956 2.61653
8.29396 5.54972 2.6277
8.29389 5.54983 2.63822
8.29389 5.54983 2.64773
8.29389 5.54983 2.65645
8.29389 5.54983 2.66455
8.29389 5.54983 2.67209
8.29389 5.54983 2.67893
7.93009 6.05922 2.68515
7.93009 6.05922 2.69193
7.93002 6.05932 1.7092
7.92991 6.05947 2.95908
7.9298 6.05963 0.541288
7.92973 6.05973 0.960472
7.92973 6.05973 1.20357
7.92973 6.05973 1.34463
7.92973 6.05973 1.42634
7.92973 6.05973 1.47315
7.92973 6.05973 1.49978
7.53428 6.54477 1.51452
7.53428 6.54477 1.54279
7.5342 6.54487 1.55811
7.53408 6.54501 1.56558
7.53396 6.54516 1.56828
7.53388 6.54525 1.56765
7.53388 6.54525 1.5651
7.53388 6.54525 1.56108
7.53388 6.54525 1.55619
7.53388 6.54525 1.55023
7.53388 6.54525 1.54344
7.10837 7.00479 1.53579
7.10837 7.00479 1.52885
7.10829 7.00488 1.52089
7.10816 7.00502 1.51219
7.10803 7.00516 1.50284
7.10795 7.00525 1.49253
7.10795 7.00525 1.48169
7.10795 7.00525 1.46995
7.10795 7.00525 1.45754
7.10795 7.00525 1.44452
7.10795 7.00525 1.43057
6.65438 7.43724 1.41609
6.65438 7.43724 1.40222
6.65429 7.43732 1.38718
6.65415 7.43745 1.37087
6.65402 7.43758 1.35405
6.65393 7.43767 1.33671
6.65393 7.43767 1.31851
6.65393 7.43767 1.29967
6.65393 7.43767 1.28023
6.65393 7.43767 1.26008
6.65393 7.43767 1.23931
6.1739 7.84108 1.21759
6.1739 7.84108 1.19653
6.1738 7.84116 1.17463
6.17365 7.84128 1.15163
6.17351 7.8414 1.12764
6.17341 7.84148 1.10287
6.17341 7.84148 1.0773
6.17341 7.84148 1.05128
6.17341 7.84148 1.02441
6.17341 7.84148 0.997042
6.17341 7.84148 0.969026
5.6698 8.21244 0.94005
5.6698 8.21244 0.911754
5.6697 8.21251 0.882584
5.66955 8.21262 0.852524
5.6694 8.21273 0.82158
5.6693 8.21281 0.789926
5.6693 8.21281 0.757311
5.6693 8.21281 0.724356
5.6693 8.21281 0.690621
5.6693 8.21281 0.656435
5.6693 8.21281 0.62162
5.14281 8.55346 0.585857
5.14281 8.55346 0.55076
5.14271 8.55353 0.514798
5.14255 8.55363 0.47795
5.14239 8.55374 0.440589
5.14229 8.5538 0.402583
5.14229 8.5538 0.364024
5.14229 8.5538 0.324561
5.14229 8.5538 0.284209
5.14229 8.5538 0.243342
5.14229 8.5538 0.20181
4.59563 8.86023 0.159677
4.59563 8.86023 0.118078
4.59552 8.86029 0.0755053
4.59536 8.86038 0.0319856
4.59519 8.86047 -0.0120803
4.59508 8.86054 -0.0564454
4.59508 8.86054 -0.101536
4.59508 8.86054 -0.147629
4.59508 8.86054 -0.194302
4.59508 8.86054 -0.24131
4.59508 8.86054 -0.288664
4.03223 9.13071 -0.336435
4.03223 9.13071 -0.383884
4.03211 9.13077 -0.432097
4.03194 9.13085 -0.48076
4.03178 9.13093 -0.530264
4.03166 9.13098 -0.580245
4.03166 9.13098 -0.630853
4.03166 9.13098 -0.682408
4.03166 9.13098 -0.734295
4.03166 9.13098 -0.786742
4.03166 9.13098 -0.839728
3.4495 9.3658 -0.893609
3.4495 9.3658 -0.946886
3.44938 9.36585 -1.00109
3.44921 9.36592 -1.05603
3.44903 9.36599 -1.11178
3.44892 9.36604 -1.16798
3.44892 9.36604 -1.22483
3.44892 9.36604 -1.28204
3.44891 9.36604 -1.34006
3.44891 9.36604 -1.39869
3.44891 9.36604 -1.45789
2.8542 9.56324 -1.51779
2.8542 9.56324 -1.57715
2.85408 9.56328 -1.63712
2.8539 9.56334 -1.69779
2.85372 9.5634 -1.75945
2.8536 9.56344 -1.82148
2.8536 9.56344 -1.88433
2.8536 9.56344 -1.94766
2.8536 9.56344 -2.01142
2.8536 9.56344 -2.07601
2.8536 9.56344 -2.1413
2.24867 9.72462 -2.20714
2.24867 9.72462 -2.27245
2.24855 9.72466 -0.185479
2.24837 9.7247 0.992446
2.24818 9.72475 1.64498
2.24806 9.72478 1.9934
2.24806 9.72478 2.16602
2.24806 9.72478 2.2364
2.24806 9.72478 2.24769
2.24806 9.72478 2.22443
2.24806 9.72478 2.18083
1.63353 9.84704 2.12547
1.63353 9.84704 2.08365
1.6334 9.84707 2.02873
1.63322 9.8471 1.96643
1.63303 9.84714 1.8995
1.63291 9.84716 1.82969
1.63291 9.84716 1.75806
1.63291 9.84716 1.68518
1.63291 9.84716 1.61142
1.63291 9.84716 1.53678
1.63291 9.84716 1.46142
1.01267 9.92928 1.38528
1.01267 9.92928 1.30977
1.01254 9.9293 1.2335
1.01236 9.92932 1.15641
1.01217 9.92935 1.07826
1.01205 9.92936 0.999725
1.01205 9.92936 0.921008
1.01205 9.92936 0.841816
1.01205 9.92936 0.761982
1.01205 9.92936 0.681776
1.01205 9.92936 0.600987
0.38668 9.97251 0.520077
0.38668 9.97251 0.439463
0.386555 9.97252 0.358039
0.386367 9.97253 0.275765
0.386179 9.97255 0.193002
0.386054 9.97255 0.109604
0.386054 9.97255 0.0258657
0.386054 9.97255 -0.0582856
0.386054 9.97255 -0.142828
0.386054 9.97255 -0.227965
0.386054 9.97255 -0.313446
-0.24016 9.97767 -0.399494
-0.24016 9.97767 -0.485157
-0.240286 9.97767 -0.571681
-0.240473 9.97767 -0.658329
-0.240661 9.97767 -0.745198
-0.240787 9.97767 -0.832777
-0.240787 9.97767 -0.920558
-0.240787 9.97767 -1.00904
-0.240787 9.97767 -1.09771
-0.240787 9.97767 -1.18708
-0.240787 9.97767 -1.27685
-0.866864 9.94218 -1.367
-0.866864 9.94218 -1.45682
-0.866989 9.94218 -1.54697
-0.867177 9.94217 -1.63729
-0.867364 9.94216 -1.72787
-0.86749 9.94215 -1.81919
-0.86749 9.94215 -1.91098
-0.86749 9.94215 -2.00318
-0.86749 9.94215 -2.09564
-0.86749 9.94215 -2.1886
-0.86749 9.94215 -2.28207
-1.49021 9.86827 -2.37599
-1.49021 9.86827 -2.4695
-1.49033 9.86825 -2.56341
-1.49052 9.86823 -2.65769
-1.49071 9.86821 -2.7524
-1.49083 9.8682 -2.84775
-1.49083 9.8682 -2.94327
-1.49083 9.8682 -3.03927
-1.49083 9.8682 -3.13553
-1.49083 9.8682 -0.0907325
-1.49083 9.8682 -0.187613
-2.10546 9.75509 -0.285128
-2.10546 9.75509 -0.382339
-2.10558 9.75507 -0.480043
-2.10577 9.75504 -0.578396
-2.10595 9.755 -0.677117
-2.10607 9.75498 1.37717
-2.10607 9.75498 2.52289
-2.10607 9.75498 0.00169326
-2.10607 9.75498 0.318218
-2.10607 9.75498 0.459049
-2.10607 9.75498 0.49793
-2.71463 9.60448 -1.67514
-2.71463 9.60448 -2.87215
-2.71475 9.60445 -0.465531
-2.71494 9.60441 -0.93316
-2.71512 9.60436 -1.24641
-2.71524 9.60433 -1.47077
-2.71524 9.60433 -1.64414
-2.71524 9.60433 -1.7876
-2.71524 9.60433 -1.91397
-2.71524 9.60433 -2.03084
-2.71524 9.60433 -2.14199
-3.31305 9.41501 -2.24984
-3.31305 9.41501 -2.3615
-3.31317 9.41498 -2.4694
-3.31335 9.41492 -2.57547
-3.31353 9.41486 -2.68087
-3.31365 9.41483 -2.7859
-3.31365 9.41482 -2.89072
-3.31365 9.41482 -2.99559
-3.31365 9.41482 -3.10048
-3.31365 9.41482 -0.0641645
-3.31365 9.41482 -0.169658
-3.8962 9.18764 -0.275064
-3.8962 9.18764 -0.380414
-3.89632 9.18759 -0.486097
-3.89649 9.18753 -0.591963
-3.89667 9.18746 -0.698298
-3.89679 9.18741 -0.804692
-3.89679 9.18741 -0.911723
-3.89679 9.18741 -1.01869
-3.89679 9.18741 -1.12563
-3.89679 9.18741 -1.23291
-3.89679 9.18741 -1.34039
-4.4664 8.92586 -1.44798
-4.4664 8.92586 -1.55545
-4.46651 8.92581 -1.66337
-4.46668 8.92573 -1.77131
-4.46686 8.92566 -1.87928
-4.46697 8.9256 -1.98743
-4.46697 8.9256 -2.09571
-4.46697 8.9256 -2.20424
-4.46697 8.9256 -2.31274
-4.46697 8.9256 -2.42117
-4.46697 8.9256 -2.52993
-5.01734 8.62836 -2.63888
-5.01734 8.62836 -2.74761
-5.01745 8.6283 -2.85653
-5.01762 8.62822 -2.96591
-5.01778 8.62813 -3.07558
-5.01789 8.62807 -0.0433986
-5.01789 8.62807 -0.152874
-5.01789 8.62807 -0.262541
-5.01789 8.62807 -0.37232
-5.01789 8.62807 -0.481947
-5.01789 8.62807 -0.591487
-5.54862 8.29644 -0.701344
-5.54862 8.29644 -0.811105
-5.54872 8.29638 -0.920847
-5.54888 8.29628 -1.03056
-5.54904 8.29618 -1.14041
-5.54915 8.29611 -1.25035
-5.54915 8.29611 -1.36016
-5.54915 8.29611 -1.47027
-5.54915 8.29611 -1.58054
-5.54915 8.29611 -1.69091
-5.54915 8.29611 -1.80113
-6.05994 7.93115 -1.91162
-6.05994 7.93115 -2.02206
-6.06004 7.93108 -2.13265
-6.06019 7.93097 -2.2431
-6.06034 7.93086 -2.35384
-6.06045 7.93078 -2.46476
-6.06045 7.93078 -0.422593
-6.06045 7.93078 0.711432
-6.06045 7.93078 1.32024
-6.06045 7.93078 1.62559
-6.06045 7.93078 1.7555
-6.54593 7.53415 1.78396
-6.54593 7.53415 1.92923
-6.54602 7.53407 1.96638
-6.54617 7.53395 1.94102
-6.54632 7.53383 1.87972
-6.54641 7.53375 2.33771
-6.54641 7.53375 1.23094
-6.54641 7.53375 2.36069
-6.54641 7.53375 2.96737
-6.54641 7.53375 0.129804
-6.54641 7.53375 0.2587
-7.00492 7.1081 0.286554
-7.00492 7.1081 0.430907
-7.00501 7.10801 0.467904
-7.00515 7.10788 0.442827
-7.00528 7.10776 0.38186
-7.00538 7.10767 0.300364
-7.00538 7.10767 0.206422
-7.00538 7.10767 0.105498
-7.00538 7.10767 0.000754123
-7.00538 7.10767 -0.105984
-7.00538 7.10767 -0.213875
-7.43771 6.65411 -0.322217
-7.43771 6.65411 -0.429883
-7.43779 6.65402 -0.538439
-7.43792 6.65389 -0.647494
-7.43805 6.65375 -0.756619
-7.43814 6.65366 -0.865795
-7.43814 6.65366 -0.974819
-7.43814 6.65366 -1.08375
-7.43814 6.65366 -1.19242
-7.43814 6.65366 -1.3013
-7.43814 6.65366 -1.41009
-7.84202 6.17509 -1.51883
-7.84202 6.17509 -1.62763
-7.84211 6.17499 -1.73612
-7.84223 6.17485 -1.84442
-7.84235 6.1747 -1.9524
-7.84243 6.17461 -2.06058
-7.84243 6.17461 -2.16869
-7.84243 6.17461 -2.27654
-7.84243 6.17461 -2.38424
-7.84243 6.17461 -2.49164
-7.84243 6.17461 -2.59886
-8.21327 5.67035 -2.70577
-8.21327 5.67035 -2.81288
-8.21334 5.67025 -2.91973
-8.21345 5.6701 -3.02622
-8.21357 5.66995 -3.1325
-8.21364 5.66984 -0.0972227
-8.21364 5.66984 -0.203328
-8.21364 5.66984 -0.309526
-8.21364 5.66984 -0.415349
-8.21364 5.66984 -0.520953
-8.21364 5.66984 -0.626217
-8.55257 5.14371 -0.731068
-8.55257 5.14371 -0.836236
-8.55264 5.1436 -0.941213
-8.55274 5.14345 -1.04563
-8.55284 5.14329 -1.14972
-8.55291 5.14318 -1.25364
-8.55291 5.14318 -1.35728
-8.55291 5.14318 -1.46077
-8.55291 5.14318 -1.56395
-8.55291 5.14318 -1.66731
-8.55291 5.14318 -1.7702
-8.85895 4.59728 -1.87298
-8.85895 4.59728 -1.976
-8.85902 4.59717 -2.07882
-8.85911 4.597 -2.18131
-8.8592 4.59684 -2.2834
-8.85926 4.59673 -2.3849
-8.85926 4.59673 -2.48621
-8.85926 4.59673 -2.58743
-8.85926 4.59673 -2.68822
-8.85926 4.59673 -2.7887
-8.85926 4.59673 -2.889
-9.13053 4.03137 -2.98898
-9.13053 4.03137 -3.08917
-9.13059 4.03125 -0.0475111
-9.13067 4.03108 -0.146666
-9.13075 4.03091 -0.245364
-9.13081 4.0308 -0.343593
-9.13081 4.0308 -0.441731
-9.13081 4.0308 -0.539448
-9.13081 4.0308 -0.636921
-9.13081 4.0308 -0.733823
-9.13081 4.0308 -0.83061
-9.36569 3.44974 -0.927484
-9.36569 3.44974 -1.02437
-9.36573 3.44963 -1.12068
-9.3658 3.44945 -1.21643
-9.36587 3.44928 0.841163
-9.36592 3.44916 1.9909
-9.36592 3.44916 2.61575
-9.36592 3.44916 2.93734
-9.36592 3.44916 3.08359
-9.36592 3.44916 3.12868
-9.36592 3.44916 3.11549
-9.56363 2.85464 3.06862
-9.56363 2.85464 3.06053
-9.56367 2.85452 3.0168
-9.56373 2.85435 2.95243
-9.56379 2.85417 2.87671
-9.56383 2.85405 2.79467
-9.56383 2.85405 2.70899
-9.56383 2.85405 2.62143
-9.56383 2.85405 2.533
-9.56383 2.85405 2.44427
-9.56383 2.85405 2.35538
-9.72504 2.24814 2.26661
-9.72504 2.24814 2.17786
-9.72508 2.24802 2.08913
-9.72512 2.24784 -0.152032
-9.72517 2.24766 -1.48456
-9.7252 2.24753 -2.29177
-9.7252 2.24753 -2.79505
-9.7252 2.24753 -3.1224
-9.7252 2.24753 -0.20622
-9.7252 2.24753 -0.372698
-9.7252 2.24753 -0.504885
-9.84546 1.63262 -0.616878
-9.84546 1.63262 -0.751854
-9.84548 1.6325 -0.864992
-9.84552 1.63231 -0.965486
-9.84555 1.63213 -1.05846
-9.84558 1.632 2.53455
-9.84558 1.632 1.43579
-9.84558 1.632 2.58257
-9.84558 1.632 0.0698944
-9.84558 1.632 0.399612
-9.84558 1.632 0.556557
-9.92863 1.01094 0.613976
-9.92863 1.01094 0.786257
-9.92865 1.01081 0.852764
-9.92867 1.01062 0.858113
-9.9287 1.01044 0.828317
-9.92871 1.01031 0.778784
-9.92871 1.01031 0.717837
-9.92871 1.01031 0.650139
-9.92871 1.01031 0.57912
-9.92871 1.01031 0.506181
-9.92871 1.01031 0.432715
-9.97382 0.385596 0.358946
-9.97382 0.385596 0.285526
-9.97383 0.385471 0.212022
-9.97384 0.385284 0.138697
-9.97386 0.385097 0.0660637
-9.97387 0.384972 -0.00618254
-9.97387 0.384971 -0.0782334
-9.97387 0.384971 -0.149956
-9.97387 0.384971 -0.221273
-9.97387 0.384971 -0.291988
-9.97387 0.384971 -0.36214
-9.97772 -0.241298 -0.431966
-9.97772 -0.241298 -0.502166
-9.97772 -0.241424 -0.571769
-9.97772 -0.241611 -0.640576
-9.97772 -0.241799 -0.708772
-9.97772 -0.241925 -0.776417
-9.97772 -0.241925 -0.843564
-9.97772 -0.241925 -0.90984
-9.97772 -0.241925 -0.975611
-9.97772 -0.241925 -1.04088
-9.97772 -0.241925 -1.10585
-9.94178 -0.866958 -1.17028
-9.94178 -0.866958 -1.23507
-9.94178 -0.867083 -1.29915
-9.94176 -0.867271 -1.36261
-9.94175 -0.867458 -1.42512
-9.94175 -0.867583 -1.48709
-9.94175 -0.867584 -1.54857
-9.94175 -0.867584 -1.60953
-9.94175 -0.867584 -1.66984
-9.94175 -0.867584 -1.72955
-9.94175 -0.867584 -1.78854
-9.86726 -1.48913 -1.84691
-9.86726 -1.48913 -1.90585
-9.86725 -1.48926 -1.96396
-9.86723 -1.48944 -2.0216
-9.8672 -1.48963 -2.07839
-9.86719 -1.48975 -2.13469
-9.86719 -1.48975 -2.19011
-9.86719 -1.48975 -2.24482
-9.86719 -1.48975 -2.29911
-9.86719 -1.48975 -2.35257
-9.86719 -1.48975 -2.40572
-9.7553 -2.10552 -2.4583
-9.7553 -2.10552 -2.51126
-9.75528 -2.10564 -2.56339
-9.75524 -2.10583 -2.61485
-9.75521 -2.10601 -2.66569
-9.75519 -2.10613 -2.71597
-9.75519 -2.10613 -2.76529
-9.75519 -2.10613 -2.81408
-9.75519 -2.10613 -2.86197
-9.75519 -2.10613 -2.90955
-9.75519 -2.10613 -2.95637
-9.60414 -2.71392 -3.00254
-9.60414 -2.71392 -3.04931
-9.60411 -2.71405 -3.09548
-9.60406 -2.71423 -3.14111
-9.60401 -2.71441 -0.0442466
-9.60398 -2.71453 -0.0881573
-9.60398 -2.71453 -0.13126
-9.60398 -2.71453 -0.173896
-9.60398 -2.71453 -0.215679
-9.60398 -2.71453 -0.256968
-9.60398 -2.71453 -0.297603
-9.41423 -3.31166 -0.337861
-9.41423 -3.31166 -0.378554
-9.41419 -3.31178 -0.418594
-9.41413 -3.31196 -0.458022
-9.41407 -3.31214 -0.496515
-9.41404 -3.31226 -0.534117
-9.41404 -3.31226 -0.571023
-9.41404 -3.31226 -0.607527
-9.41404 -3.31226 -0.643583
-9.41404 -3.31226 -0.678797
-9.41404 -3.31226 -0.713524
-9.18919 -3.89514 -0.747385
-9.18919 -3.89514 -0.781817
-9.18914 -3.89526 -0.814896
-9.18907 -3.89543 -0.846962
-9.18901 -3.89561 -0.878292
-9.18896 -3.89572 -0.908996
-9.18896 -3.89572 -0.939364
-9.18896 -3.89572 -0.968956
-9.18896 -3.89572 -0.997883
-9.18896 -3.89572 -1.02606
-9.18896 -3.89572 -1.05358
-8.92544 -4.46423 -1.08073
-8.92544 -4.46423 -1.10831
-8.92538 -4.46434 -1.13489
-8.9253 -4.46451 -1.16088
-8.92523 -4.46468 -1.18595
-8.92517 -4.46479 -1.21049
-8.92517 -4.4648 -1.23417
-8.92517 -4.4648 -1.25712
-8.92517 -4.4648 -1.2793
-8.92517 -4.4648 -1.3008
-8.92517 -4.4648 -1.32134
-8.62749 -5.01675 -1.34153
-8.62749 -5.01675 -1.36227
-8.62743 -5.01686 -1.38236
-8.62734 -5.01702 -1.40148
-8.62725 -5.01719 -1.42004
-8.62719 -5.0173 -1.4377
-8.62719 -5.0173 -1.45427
-8.62719 -5.0173 -1.47019
-8.62719 -5.0173 -1.48575
-8.62719 -5.0173 -1.50052
-8.62719 -5.0173 -1.51461
-8.29562 -5.54873 -1.52794
-8.29562 -5.54873 -1.54187
-8.29555 -5.54884 -1.55512
-8.29546 -5.549 -1.56737
-8.29536 -5.54916 -1.57906
-8.29529 -5.54927 -1.58984
-8.29529 -5.54927 -1.59951
-8.29529 -5.54927 -1.60853
-8.29529 -5.54927 -1.61696
-8.29529 -5.54927 -1.62491
-8.29529 -5.54927 -1.63198
-7.93022 -6.05986 -1.63834
-7.93022 -6.05986 -1.64537
-7.93015 -6.05997 -1.65112
-7.93004 -6.06012 -1.65614
-7.92993 -6.06027 -1.66052
-7.92986 -6.06037 -1.66416
-7.92986 -6.06037 -1.66699
-7.92986 -6.06037 -1.66915
-7.92986 -6.06037 -1.67054
-7.92986 -6.06037 -1.67128
-7.92986 -6.06037 -1.67165
-7.53474 -6.54565 -1.67142
-7.53474 -6.54565 -1.6716
-7.53466 -6.54574 -1.67048
-7.53454 -6.54589 -1.66861
-7.53442 -6.54603 -1.66595
-7.53434 -6.54613 -1.66223
-7.53434 -6.54613 -1.65789
-7.53434 -6.54613 -1.65262
-7.53434 -6.54613 -1.6468
-7.53434 -6.54613 -1.6403
-7.53434 -6.54613 -1.63319
-7.1091 -7.00598 -1.62536
-7.1091 -7.00598 -1.61809
-7.10902 -7.00607 -1.60996
-7.10889 -7.00621 -1.60097
-7.10876 -7.00635 -1.59111
-7.10868 -7.00644 -1.58053
-7.10868 -7.00644 -1.56895
-7.10868 -7.00644 -1.55678
-7.10868 -7.00644 -1.5439
-7.10868 -7.00644 -1.53062
-7.10868 -7.00644 -1.51652
-6.65368 -7.43775 -1.50172
-6.65368 -7.43775 -1.48757
-6.65359 -7.43784 -1.4726
-6.65345 -7.43797 -1.45695
-6.65331 -7.4381 -1.44054
-6.65322 -7.43818 -1.42347
-6.65322 -7.43818 -1.40542
-6.65322 -7.43818 -1.38666
-6.65322 -7.43818 -1.36728
-6.65322 -7.43818 -1.34716
-6.65322 -7.43818 2.35561
-6.1746 -7.84174 1.36436
-6.1746 -7.84174 2.61611
-6.17451 -7.84182 0.208309
-6.17436 -7.84194 0.642911
-6.17422 -7.84206 0.904746
-6.17412 -7.84214 1.06682
-6.17412 -7.84214 1.17177
-6.17412 -7.84214 1.2437
-6.17412 -7.84214 1.29711
-6.17412 -7.84214 -0.813409
-6.17412 -7.84214 -2.02146
-5.66994 -8.2148 -2.70715
-5.66994 -8.2148 -0.852273
-5.66984 -8.21487 -1.58343
-5.66969 -8.21498 -1.99304
-5.66954 -8.2151 -2.21655
-5.66944 -8.21517 -2.33229
-5.66944 -8.21517 -2.38533
-5.66944 -8.21517 -2.4019
-5.66944 -8.21517 -2.39679
-5.66944 -8.21517 -2.37916
-5.66944 -8.21517 -2.35392
-5.14215 -8.55453 -2.32406
-5.14215 -8.55453 -2.29936
-5.14205 -8.55459 -2.26926
-5.14189 -8.5547 -2.23606
-5.14173 -8.5548 -2.2007
-5.14162 -8.55487 -2.1637
-5.14162 -8.55487 -2.12551
-5.14162 -8.55487 -2.08626
-5.14162 -8.55487 -2.0464
-5.14162 -8.55487 -2.00582
-5.14162 -8.55487 -1.96445
-4.59597 -8.85996 -1.92241
-4.59597 -8.85996 -1.88099
-4.59586 -8.86002 -1.83858
-4.5957 -8.86011 -1.79524
-4.59553 -8.86021 -1.75137
-4.59543 -8.86027 -1.7068
-4.59543 -8.86027 -1.66159
-4.59543 -8.86027 -1.61565
-4.59543 -8.86027 -1.56927
-4.59543 -8.86027 -1.52244
-4.59543 -8.86027 -1.47497
-4.03077 -9.13097 -1.42713
-4.03077 -9.13097 -1.37972
-4.03065 -9.13102 -1.33135
-4.03049 -9.1311 -1.28264
-4.03032 -9.13118 -1.23337
-4.0302 -9.13124 -1.18354
-4.0302 -9.13124 -1.13303
-4.0302 -9.13124 -1.08174
-4.0302 -9.13124 -1.02979
-4.0302 -9.13124 -0.977097
-4.0302 -9.13124 -0.923966
-3.44864 -9.3655 -0.870432
-3.44864 -9.3655 -0.817251
-3.44852 -9.36555 -0.763101
-3.44835 -9.36562 -0.70817
-3.44817 -9.36569 -0.652633
-3.44806 -9.36573 -0.596531
-3.44806 -9.36573 -0.539744
-3.44806 -9.36573 -0.48256
-3.44806 -9.36573 -0.424564
-3.44805 -9.36573 -0.36573
-3.44805 -9.36573 -0.306412
-2.85339 -9.56334 -0.246445
-2.85339 -9.56334 -0.186956
-2.85327 -9.56337 -0.126868
-2.85309 -9.56343 -0.0660525
-2.85292 -9.56349 -0.00459802
-2.8528 -9.56353 0.0579508
-2.8528 -9.56353 0.121105
-2.8528 -9.56353 0.184609
-2.8528 -9.56353 0.248684
-2.8528 -9.56353 0.313457
-2.8528 -9.56353 0.378634
-2.2476 -9.72335 0.444044
-2.2476 -9.72335 0.509185
-2.24747 -9.72339 0.574977
-2.24729 -9.72343 0.641749
-2.24711 -9.72348 0.708871
-2.24699 -9.72351 0.776762
-2.24699 -9.72351 0.845061
-2.24699 -9.72351 -2.76747
-2.24699 -9.72351 -1.68476
-2.24699 -9.72351 -2.84538
-2.24699 -9.72351 -0.34467
-1.63287 -9.84631 -0.685063
-1.63287 -9.84631 -1.37145
-1.63275 -9.84633 -1.73758
-1.63257 -9.84637 -1.9188
-1.63238 -9.84641 -1.99253
-1.63226 -9.84643 -2.0043
-1.63226 -9.84643 -1.97985
-1.63226 -9.84643 -1.93388
-1.63226 -9.84643 -1.87567
-1.63226 -9.84643 -1.81003
-1.63226 -9.84643 -1.73987
-1.01183 -9.92853 -1.66673
-1.01183 -9.92853 -1.59675
-1.0117 -9.92855 -1.52375
-1.01152 -9.92857 -1.44864
-1.01133 -9.9286 -1.3723
-1.0112 -9.92861 -1.29488
-1.0112 -9.92861 -1.21644
-1.0112 -9.92861 -0.149042
-1.0112 -9.92861 -1.31461
-1.0112 -9.92861 -1.95446
-1.0112 -9.92861 -2.28999
-0.38563 -9.9731 -2.44957
-0.38563 -9.9731 -2.81174
-0.385505 -9.97311 -2.98638
-0.385318 -9.97313 -3.05261
-0.38513 -9.97314 -3.05578
-0.385005 -9.97315 -3.02212
-0.385005 -9.97315 -2.96714
-0.385004 -9.97315 -2.89983
-0.385004 -9.97315 -2.82502
-0.385004 -9.97315 -2.74588
-0.385004 -9.97315 -2.66387
0.240395 -9.97728 -2.5802
0.240395 -9.97728 -2.49844
0.24052 -9.97728 -2.41457
0.240708 -9.97728 -2.32914
0.240895 -9.97728 -2.24303
0.241021 -9.97728 -2.15613
0.241021 -9.97728 -2.06852
0.241021 -9.97728 -1.98072
0.241021 -9.97728 -1.89245
0.241021 -9.97728 -1.80353
0.241021 -9.97728 -1.71402
0.867633 -9.94247 -1.62402
0.867633 -9.94247 -1.53447
0.867758 -9.94246 -1.44448
0.867946 -9.94245 -1.35387
0.868134 -9.94244 -1.26313
0.868259 -9.94243 -1.1717
0.86826 -9.94243 -1.07948
0.86826 -9.94243 -0.986813
0.86826 -9.94243 -0.894093
0.86826 -9.94243 -0.800977
0.86826 -9.94243 -0.707632
1.49018 -9.86836 -0.613787
1.49018 -9.86836 -0.520249
1.4903 -9.86834 -0.426296
1.49049 -9.86832 -0.331731
1.49067 -9.8683 -0.236809
1.4908 -9.86829 -0.141523
1.4908 -9.86829 -0.0460351
1.4908 -9.86829 0.049939
1.4908 -9.86829 0.146409
1.4908 -9.86829 0.243534
1.4908 -9.86829 0.340823
2.10656 -9.75553 0.438206
2.10656 -9.75553 0.53548
2.10669 -9.75551 0.633251
2.10687 -9.75547 0.731695
2.10706 -9.75544 0.83053
2.10718 -9.75542 0.929362
2.10718 -9.75542 1.02853
2.10718 -9.75542 1.12788
2.10718 -9.75542 1.2275
2.10718 -9.75542 1.32728
2.10718 -9.75542 1.42751
2.71491 -9.60406 1.528
2.71491 -9.60406 1.62819
2.71503 -9.60403 1.72885
2.71521 -9.60399 1.82979
2.71539 -9.60394 1.93112
2.71551 -9.60391 2.03279
2.71551 -9.60391 2.13464
2.71551 -9.60391 2.23718
2.71551 -9.60391 2.33968
2.71551 -9.60391 2.44253
2.71551 -9.60391 2.54558
3.31338 -9.41406 2.64911
3.31338 -9.41406 2.75236
3.3135 -9.41402 2.8558
3.31368 -9.41396 2.95934
3.31386 -9.4139 3.06295
3.31398 -9.41387 0.0253583
3.31398 -9.41387 0.129965
3.31398 -9.41387 0.234705
3.31398 -9.41387 -1.81349
3.31398 -9.41387 -2.95307
3.31398 -9.41387 -0.425729
3.89817 -9.18782 -0.736246
3.89817 -9.18782 -1.39648
3.89829 -9.18778 -1.73347
3.89846 -9.18771 -1.88358
3.89864 -9.18764 -1.92528
3.89875 -9.1876 -1.90449
3.89875 -9.1876 -1.84732
3.89875 -9.1876 -1.76918
3.89875 -9.1876 -1.6787
3.89875 -9.1876 0.571707
3.89875 -9.1876 1.91829
4.46647 -8.92666 2.74187
4.46647 -8.92666 1.02574
4.46659 -8.92661 1.89538
4.46676 -8.92653 2.44385
4.46693 -8.92645 2.80675
4.46704 -8.9264 3.06197
4.46704 -8.9264 0.113699
4.46704 -8.9264 0.271233
4.46704 -8.9264 0.408228
4.46704 -8.9264 0.533348
4.46704 -8.9264 0.651602
5.01788 -8.62725 0.766039
5.01788 -8.62725 0.884982
5.01799 -8.62719 0.999847
5.01815 -8.6271 1.11216
5.01832 -8.62701 1.22357
5.01843 -8.62695 1.33425
5.01843 -8.62695 1.44482
5.01843 -8.62695 1.55513
5.01843 -8.62695 1.66506
5.01843 -8.62695 1.77477
5.01843 -8.62695 1.88473
5.55062 -8.29497 1.99483
5.55062 -8.29497 2.10477
5.55073 -8.2949 2.21467
5.55089 -8.2948 2.32494
5.55105 -8.2947 2.43519
5.55116 -8.29464 2.54543
5.55116 -8.29464 2.65541
5.55116 -8.29464 2.76561
5.55116 -8.29464 2.87573
5.55116 -8.29464 2.98601
5.55116 -8.29464 3.09654
6.06045 -7.93051 0.0656194
6.06045 -7.93051 0.176127
6.06055 -7.93043 0.286575
6.0607 -7.93032 0.397212
6.06086 -7.93021 0.5079
6.06096 -7.93014 0.618833
6.06096 -7.93014 0.729677
6.06096 -7.93014 0.840254
6.06096 -7.93014 0.950829
6.06096 -7.93014 1.0614
6.06096 -7.93014 1.17198
6.54511 -7.53325 1.28255
6.54511 -7.53325 1.39313
6.54521 -7.53317 1.50389
6.54535 -7.53305 1.61478
6.5455 -7.53293 1.72574
6.54559 -7.53285 1.8363
6.54559 -7.53285 1.94717
6.54559 -7.53285 2.05822
6.54559 -7.53285 2.16894
6.54559 -7.53285 2.27969
6.54559 -7.53285 2.39025
7.00526 -7.10769 2.50047
7.00526 -7.10769 2.61091
7.00535 -7.10761 2.72146
7.00549 -7.10748 2.83187
7.00563 -7.10735 2.94219
7.00572 -7.10727 3.05222
7.00572 -7.10727 0.0208618
7.00572 -7.10727 0.130987
7.00572 -7.10727 0.241051
7.00572 -7.10727 0.351081
7.00572 -7.10727 0.460875
7.4375 -6.65434 -2.12253
7.4375 -6.65434 -2.24457
7.43758 -6.65425 -0.943987
7.43771 -6.65411 -1.96235
7.43784 -6.65397 -2.50506
7.43793 -6.65388 -2.77275
7.43793 -6.65388 -2.88161
7.43793 -6.65388 -2.89887
7.43793 -6.65388 -2.8628
7.43793 -6.65388 -2.79626
7.43793 -6.65388 -2.71195
7.83961 -6.17421 -2.61758
7.83961 -6.17421 -2.53495
7.8397 -6.17411 -2.44156
7.83982 -6.17397 -2.34196
7.83994 -6.17382 -2.23899
7.84002 -6.17373 -2.13407
7.84002 -6.17373 -2.02785
7.84002 -6.17373 -1.92088
7.84002 -6.17373 -1.81368
7.84002 -6.17373 -1.70657
7.84002 -6.17373 -1.59952
8.21295 -5.66991 -1.49271
8.21295 -5.66991 -1.38577
8.21302 -5.66981 -1.27928
8.21313 -5.66966 -1.17307
8.21325 -5.66951 -1.06701
8.21332 -5.66941 -0.960881
8.21332 -5.66941 -0.854882
8.21332 -5.66941 -0.748959
8.21332 -5.66941 -0.643082
8.21332 -5.66941 -0.537445
8.21332 -5.66941 -0.432163
8.55264 -5.1439 -0.327086
8.55264 -5.1439 -0.221773
8.55271 -5.1438 -0.116916
8.55281 -5.14364 -0.0121159
8.55291 -5.14348 0.0922268
8.55298 -5.14338 0.196317
8.55298 -5.14338 0.300274
8.55298 -5.14338 0.403939
8.55298 -5.14338 0.507588
8.55298 -5.14338 0.610859
8.55298 -5.14338 0.713697
8.85783 -4.59637 0.81607
8.85783 -4.59637 0.918821
8.85789 -4.59627 1.02094
8.85798 -4.5961 1.12271
8.85807 -4.59594 1.22443
8.85814 -4.59583 1.32575
8.85814 -4.59583 1.4266
8.85814 -4.59583 1.52696
8.85814 -4.59583 1.62704
8.85814 -4.59583 1.72732
8.85814 -4.59583 1.82751
9.12916 -4.03077 1.92727
9.12916 -4.03077 2.02725
9.12922 -4.03066 2.12672
9.1293 -4.03049 2.22606
9.12938 -4.03032 2.32532
9.12944 -4.03021 2.42394
9.12944 -4.03021 2.52215
9.12944 -4.03021 2.62028
9.12944 -4.03021 2.71836
9.12944 -4.03021 2.81582
9.12944 -4.03021 2.91272
9.36552 -3.449 3.00908
9.36552 -3.449 3.1059
9.36556 -3.44889 0.0606431
9.36563 -3.44871 0.156425
9.3657 -3.44854 0.251893
9.36575 -3.44842 0.346975
9.36575 -3.44842 0.441849
9.36575 -3.44842 0.536386
9.36575 -3.44842 0.63073
9.36575 -3.44842 0.724378
9.36575 -3.44842 0.817776
9.56336 -2.85365 0.910815
9.56336 -2.85365 1.00411
9.5634 -2.85353 1.0971
9.56346 -2.85335 1.18992
9.56352 -2.85317 1.28207
9.56356 -2.85305 1.37361
9.56356 -2.85305 1.46456
9.56356 -2.85305 1.55516
9.56356 -2.85305 1.64536
9.56356 -2.85305 1.7351
9.56356 -2.85305 1.8248
9.72264 -2.24738 1.91425
9.72264 -2.24738 2.00383
9.72267 -2.24726 2.09266
9.72271 -2.24708 2.18087
9.72276 -2.24689 2.26851
9.72279 -2.24677 2.35579
9.72279 -2.24677 2.44284
9.72279 -2.24677 2.52931
9.72279 -2.24677 2.61546
9.72279 -2.24677 2.7012
9.72279 -2.24677 2.78634
9.84533 -1.63368 2.87092
9.84533 -1.63368 2.95599
9.84535 -1.63356 3.04055
9.84539 -1.63337 3.12462
9.84543 -1.63319 0.0668172
9.84545 -1.63307 0.149939
9.84545 -1.63307 0.232702
9.84545 -1.63307 0.314889
9.84545 -1.63307 0.396529
9.84545 -1.63307 0.477637
9.84545 -1.63307 0.557853
9.92771 -1.01231 0.637554
9.92771 -1.01231 0.717849
9.92773 -1.01218 0.797373
9.92775 -1.012 0.876452
9.92778 -1.01181 0.955063
9.92779 -1.01169 1.03319
9.92779 -1.01169 1.11067
9.92779 -1.01169 1.18756
9.92779 -1.01169 1.2639
9.92779 -1.01169 1.33991
9.92779 -1.01169 1.33991
