4.26311e-317 3.39917e-321 0
4.26311e-317 3.39917e-321 -3.02209
4.26311e-317 3.39917e-321 -1.96761
4.26311e-317 3.39917e-321 -0.267321
4.26311e-317 3.39917e-321 -0.396861
4.26311e-317 3.39917e-321 -0.0686031
4.26311e-317 3.39917e-321 0.415735
4.26311e-317 3.39917e-321 0.951533
4.26311e-317 3.39917e-321 1.49798
4.26311e-317 3.39917e-321 2.04547
9.97944 0.625929 2.59332
9.97944 0.625929 3.14025
9.97944 0.625929 0.543661
9.97944 0.625929 1.08611
9.97944 0.625929 1.62502
9.97944 0.625929 2.16005
9.97944 0.625929 2.69108
9.97944 0.625929 0.0791328
9.97944 0.625929 0.601106
9.97944 0.625929 1.12042
9.97944 0.625929 1.63162
9.94339 1.01361 2.1347
9.94339 1.01361 2.64839
9.94338 1.01369 0.0107696
9.94337 1.0138 0.511298
9.94336 1.01392 1.00346
9.94335 1.014 1.49274
9.94335 1.014 1.97384
9.94335 1.014 2.44945
9.94335 1.014 2.9205
9.94335 1.014 0.248382
9.94335 1.014 0.717306
9.86809 1.54491 1.17885
9.86809 1.54491 1.64557
9.86807 1.54502 2.10638
9.86805 1.54517 2.55797
9.86803 1.54533 3.00373
9.86801 1.54544 0.305856
9.86801 1.54544 0.741625
9.86801 1.54544 1.17198
9.86801 1.54544 1.59782
9.86801 1.54544 2.02208
9.86801 1.54544 2.44126
9.75576 2.12753 2.85602
9.75576 2.12753 0.135395
9.75574 2.12765 0.54354
9.75571 2.12782 0.947236
9.75567 2.12799 1.34677
9.75565 2.12811 1.73769
9.75565 2.12811 2.12562
9.75565 2.12811 2.50532
9.75565 2.12811 2.87952
9.75565 2.12811 0.110217
9.75565 2.12811 0.477307
9.60209 2.72215 0.842594
9.60209 2.72215 1.21246
9.60206 2.72227 1.57339
9.60201 2.72244 1.92672
9.60196 2.72262 2.27479
9.60193 2.72274 2.6165
9.60193 2.72274 2.95329
9.60193 2.72274 0.146796
9.60193 2.72274 0.481302
9.60193 2.72274 0.808413
9.60193 2.72274 1.12842
9.4135 3.31564 1.44066
9.4135 3.31564 1.76262
9.41346 3.31576 2.07821
9.4134 3.31594 2.38443
9.41335 3.31611 2.68478
9.41331 3.31623 2.98306
9.41331 3.31623 0.131798
9.41331 3.31623 0.419365
9.41331 3.31623 0.698785
9.41331 3.31623 0.97538
9.41331 3.31623 1.24569
9.18822 3.8978 1.50928
9.18822 3.8978 1.78137
9.18818 3.89792 2.0456
9.18811 3.89809 2.29994
9.18804 3.89827 2.55087
9.188 3.89838 2.79341
9.188 3.89838 3.033
9.188 3.89838 0.12277
9.188 3.89838 0.348635
9.188 3.89838 0.5654
9.188 3.89838 0.779012
8.92583 4.46531 0.984338
8.92583 4.46531 1.19714
8.92578 4.46542 1.40217
8.9257 4.46559 1.60451
8.92562 4.46576 1.79875
8.92557 4.46588 1.99019
8.92557 4.46588 2.17345
8.92557 4.46588 2.35122
8.92557 4.46588 2.52254
8.92557 4.46588 2.68898
8.92557 4.46588 2.84654
8.62754 5.01662 3.00101
8.62754 5.01662 0.0217137
8.62748 5.01673 0.170583
8.62739 5.0169 0.317427
8.6273 5.01706 0.460917
8.62724 5.01717 0.596084
8.62724 5.01717 0.723877
8.62724 5.01717 0.846461
8.62724 5.01717 0.964585
8.62724 5.01717 1.07663
8.62724 5.01717 1.1839
8.29423 5.5493 1.28499
8.29423 5.5493 1.39324
8.29416 5.5494 1.49465
8.29406 5.54956 1.5865
8.29396 5.54972 1.66786
8.29389 5.54983 1.74559
8.29389 5.54983 1.81486
8.29389 5.54983 1.87854
8.29389 5.54983 1.93841
8.29389 5.54983 1.99429
8.29389 5.54983 2.04427
7.93009 6.05922 2.08953
7.93009 6.05922 2.14174
7.93002 6.05932 0.443657
7.92991 6.05947 0.253585
7.9298 6.05963 0.327157
7.92973 6.05973 1.45083
7.92973 6.05973 1.84943
7.92973 6.05973 1.99399
7.92973 6.05973 2.04594
7.92973 6.05973 2.05859
7.92973 6.05973 2.05762
7.53428 6.54477 2.04927
7.53428 6.54477 2.05464
7.5342 6.54487 2.04397
7.53408 6.54501 2.02321
7.53396 6.54516 1.99629
7.53388 6.54525 1.96004
7.53388 6.54525 1.92054
7.53388 6.54525 1.87538
7.53388 6.54525 1.82825
7.53388 6.54525 1.77325
7.53388 6.54525 1.71286
7.10837 7.00479 1.64608
7.10837 7.00479 1.58699
7.10829 7.00488 1.51799
7.10816 7.00502 1.44365
7.10803 7.00516 1.36481
7.10795 7.00525 1.27721
7.10795 7.00525 1.18661
7.10795 7.00525 1.08778
7.10795 7.00525 0.9842
7.10795 7.00525 0.876328
7.10795 7.00525 0.759775
6.65438 7.43724 0.640213
6.65438 7.43724 0.528288
6.65429 7.43732 0.403085
6.65415 7.43745 0.266057
6.65402 7.43758 0.127584
6.65393 7.43767 -0.0140163
6.65393 7.43767 -0.163835
6.65393 7.43767 -0.318387
6.65393 7.43767 -0.477234
6.65393 7.43767 -0.642107
6.65393 7.43767 -0.811723
6.1739 7.84108 -0.990175
6.1739 7.84108 -1.15976
6.1738 7.84116 -1.3382
6.17365 7.84128 -1.52689
6.17351 7.8414 -1.72366
6.17341 7.84148 -1.92588
6.17341 7.84148 -2.13455
6.17341 7.84148 -2.34547
6.17341 7.84148 -2.56434
6.17341 7.84148 -2.78598
6.17341 7.84148 -3.01312
5.6698 8.21244 -0.10776
5.6698 8.21244 -0.33446
5.6697 8.21251 -0.570582
5.66955 8.21262 -0.814514
5.6694 8.21273 -1.06567
5.6693 8.21281 -1.32197
5.6693 8.21281 -1.58723
5.6693 8.21281 -1.85294
5.6693 8.21281 -2.12601
5.6693 8.21281 -2.40162
5.6693 8.21281 -2.68265
5.14281 8.55346 -2.97276
5.14281 8.55346 -0.111801
5.14271 8.55353 -0.401814
5.14255 8.55363 -0.699622
5.14239 8.55374 -1.00011
5.14229 8.5538 -1.30604
5.14229 8.5538 -1.61651
5.14229 8.5538 -1.93573
5.14229 8.5538 -2.26253
5.14229 8.5538 -2.59196
5.14229 8.5538 -2.92684
4.59563 8.86023 -0.124663
4.59563 8.86023 -0.457554
4.59552 8.86029 -0.800853
4.59536 8.86038 -1.15229
4.59519 8.86047 -1.50651
4.59508 8.86054 -1.86169
4.59508 8.86054 -2.22441
4.59508 8.86054 -2.59694
4.59508 8.86054 -2.97287
4.59508 8.86054 -0.208382
4.59508 8.86054 -0.587784
4.03223 9.13071 -0.970633
4.03223 9.13071 -1.34973
4.03211 9.13077 -1.73699
4.03194 9.13085 -2.12705
4.03178 9.13093 -2.52524
4.03166 9.13098 -2.92628
4.03166 9.13098 -0.191301
4.03166 9.13098 -0.607042
4.03166 9.13098 -1.02329
4.03166 9.13098 -1.44426
4.03166 9.13098 -1.86952
3.4495 9.3658 -2.30345
3.4495 9.3658 -2.72891
3.44938 9.36585 -0.0231487
3.44921 9.36592 -0.465351
3.44903 9.36599 -0.914271
3.44892 9.36604 -1.36548
3.44892 9.36604 -1.82203
3.44892 9.36604 -2.28042
3.44891 9.36604 -2.74664
3.44891 9.36604 -0.075872
3.44891 9.36604 -0.550943
2.8542 9.56324 -1.03203
2.8542 9.56324 -1.5064
2.85408 9.56328 -1.98721
2.8539 9.56334 -2.47474
2.85372 9.5634 -2.97179
2.8536 9.56344 -0.327922
2.8536 9.56344 -0.833124
2.8536 9.56344 -1.34092
2.8536 9.56344 -1.85149
2.8536 9.56344 -2.37023
2.8536 9.56344 -2.89444
2.24867 9.72462 -0.280843
2.24867 9.72462 -0.802787
2.24855 9.72466 0.0693343
2.24837 9.7247 2.44857
2.24818 9.72475 1.95948
2.24806 9.72478 2.52376
2.24806 9.72478 2.36407
2.24806 9.72478 1.94618
2.24806 9.72478 1.43879
2.24806 9.72478 0.895815
2.24806 9.72478 0.335974
1.63353 9.84704 -0.229717
1.63353 9.84704 -0.780564
1.6334 9.84707 -1.35032
1.63322 9.8471 -1.92394
1.63303 9.84714 -2.5034
1.63291 9.84716 -3.08757
1.63291 9.84716 -0.533712
1.63291 9.84716 -1.12534
1.63291 9.84716 -1.7202
1.63291 9.84716 -2.32072
1.63291 9.84716 -2.92585
1.01267 9.92928 -0.39553
1.01267 9.92928 -0.999777
1.01254 9.9293 -1.61072
1.01236 9.92932 -2.22848
1.01217 9.92935 -2.85577
1.01205 9.92936 -0.342156
1.01205 9.92936 -0.970424
1.01205 9.92936 -1.60333
1.01205 9.92936 -2.24238
1.01205 9.92936 -2.88356
1.01205 9.92936 -0.38842
0.38668 9.97251 -1.03405
0.38668 9.97251 -1.67677
0.386555 9.97252 -2.32825
0.386367 9.97253 -2.98727
0.386179 9.97255 -0.507335
0.386054 9.97255 -1.17451
0.386054 9.97255 -1.84359
0.386054 9.97255 -2.51598
0.386054 9.97255 -0.0498167
0.386054 9.97255 -0.730833
0.386054 9.97255 -1.41379
-0.24016 9.97767 -2.10195
-0.24016 9.97767 -2.78545
-0.240286 9.97767 -0.336698
-0.240473 9.97767 -1.02831
-0.240661 9.97767 -1.72132
-0.240787 9.97767 -2.42199
-0.240787 9.97767 -3.12272
-0.240787 9.97767 -0.689061
-0.240787 9.97767 -1.39685
-0.240787 9.97767 -2.11177
-0.240787 9.97767 -2.82916
-0.866864 9.94218 -0.40771
-0.866864 9.94218 -1.12444
-0.866989 9.94218 -1.84431
-0.867177 9.94217 -2.56523
-0.867364 9.94216 -0.146804
-0.86749 9.94215 -0.878036
-0.86749 9.94215 -1.61205
-0.86749 9.94215 -2.3489
-0.86749 9.94215 -3.08675
-0.86749 9.94215 -0.68788
-0.86749 9.94215 -1.43495
-1.49021 9.86827 -2.18541
-1.49021 9.86827 -2.93082
-1.49033 9.86825 -0.539074
-1.49052 9.86823 -1.29237
-1.49071 9.86821 -2.04946
-1.49083 9.8682 -2.81241
-1.49083 9.8682 -0.43321
-1.49083 9.8682 -1.19994
-1.49083 9.8682 -1.96818
-1.49083 9.8682 -2.74147
-1.49083 9.8682 -0.372272
-2.10546 9.75509 -1.15155
-2.10546 9.75509 -1.92691
-2.10558 9.75507 -2.70716
-2.10577 9.75504 -0.352044
-2.10595 9.755 -1.14074
-2.10607 9.75498 2.61607
-2.10607 9.75498 1.60025
-2.10607 9.75498 0.856156
-2.10607 9.75498 1.16758
-2.10607 9.75498 0.755767
-2.10607 9.75498 0.0886635
-2.71463 9.60448 -2.06893
-2.71463 9.60448 -2.3748
-2.71475 9.60445 -3.13566
-2.71494 9.60441 -1.87324
-2.71512 9.60436 -3.05353
-2.71524 9.60433 -0.854524
-2.71524 9.60433 -1.71926
-2.71524 9.60433 -2.5517
-2.71524 9.60433 -0.233997
-2.71524 9.60433 -1.05946
-2.71524 9.60433 -1.88282
-3.31305 9.41501 -2.70545
-3.31305 9.41501 -0.388344
-3.31317 9.41498 -1.2087
-3.31335 9.41492 -2.0321
-3.31353 9.41486 -2.86108
-3.31365 9.41483 -0.550464
-3.31365 9.41482 -1.38215
-3.31365 9.41482 -2.21598
-3.31365 9.41482 -3.05054
-3.31365 9.41482 -0.748302
-3.31365 9.41482 -1.58932
-3.8962 9.18764 -2.42826
-3.8962 9.18764 -0.12588
-3.89632 9.18759 -0.968734
-3.89649 9.18753 -1.81279
-3.89667 9.18746 -2.66177
-3.89679 9.18741 -0.368269
-3.89679 9.18741 -1.22327
-3.89679 9.18741 -2.07537
-3.89679 9.18741 -2.92646
-3.89679 9.18741 -0.640137
-3.89679 9.18741 -1.49686
-4.4664 8.92586 -2.35409
-4.4664 8.92586 -0.0684529
-4.46651 8.92581 -0.929953
-4.46668 8.92573 -1.79066
-4.46686 8.92566 -2.65107
-4.46697 8.9256 -0.371719
-4.46697 8.9256 -1.23463
-4.46697 8.9256 -2.09965
-4.46697 8.9256 -2.96353
-4.46697 8.9256 -0.684643
-4.46697 8.9256 -1.55148
-5.01734 8.62836 -2.41975
-5.01734 8.62836 -0.142797
-5.01745 8.6283 -1.0103
-5.01762 8.62822 -1.88327
-5.01778 8.62813 -2.75812
-5.01789 8.62807 -0.486785
-5.01789 8.62807 -1.35813
-5.01789 8.62807 -2.23173
-5.01789 8.62807 -3.10611
-5.01789 8.62807 -0.836519
-5.01789 8.62807 -1.7077
-5.54862 8.29644 -2.58312
-5.54862 8.29644 -0.314719
-5.54872 8.29638 -1.18817
-5.54888 8.29628 -2.06165
-5.54904 8.29618 -2.93704
-5.54915 8.29611 -0.671554
-5.54915 8.29611 -1.54527
-5.54915 8.29611 -2.42269
-5.54915 8.29611 -0.159803
-5.54915 8.29611 -1.03896
-5.54915 8.29611 -1.91561
-6.05994 7.93115 -2.79593
-6.05994 7.93115 -0.5339
-6.06004 7.93108 -1.4152
-6.06019 7.93097 -2.2944
-6.06034 7.93086 -0.0358353
-6.06045 7.93078 -0.920248
-6.06045 7.93078 2.74108
-6.06045 7.93078 1.63445
-6.06045 7.93078 0.799269
-6.06045 7.93078 1.02406
-6.06045 7.93078 0.527145
-6.54593 7.53415 -0.219984
-6.54593 7.53415 -0.332161
-6.54602 7.53407 -0.947758
-6.54617 7.53395 -1.73784
-6.54632 7.53383 -2.58577
-6.54641 7.53375 1.07988
-6.54641 7.53375 0.23092
-6.54641 7.53375 1.66501
-6.54641 7.53375 2.67809
-6.54641 7.53375 2.45337
-6.54641 7.53375 1.79761
-7.00492 7.1081 0.995067
-7.00492 7.1081 0.570011
-7.00501 7.10801 -0.149916
-7.00515 7.10788 -0.972025
-7.00528 7.10776 -1.82951
-7.00538 7.10767 -2.69664
-7.00538 7.10767 -0.432761
-7.00538 7.10767 -1.31149
-7.00538 7.10767 -2.18792
-7.00538 7.10767 -3.06089
-7.00538 7.10767 -0.791077
-7.43771 6.65411 -1.65979
-7.43771 6.65411 -2.53129
-7.43779 6.65402 -0.262824
-7.43792 6.65389 -1.1365
-7.43805 6.65375 -2.00767
-7.43814 6.65366 -2.87801
-7.43814 6.65366 -0.603855
-7.43814 6.65366 -1.47029
-7.43814 6.65366 -2.33373
-7.43814 6.65366 -0.0590681
-7.43814 6.65366 -0.924559
-7.84202 6.17509 -1.78955
-7.84202 6.17509 -2.65581
-7.84211 6.17499 -0.376815
-7.84223 6.17485 -1.23809
-7.84235 6.1747 -2.09623
-7.84243 6.17461 -2.95787
-7.84243 6.17461 -0.676509
-7.84243 6.17461 -1.5336
-7.84243 6.17461 -2.3896
-7.84243 6.17461 -0.100984
-7.84243 6.17461 -0.952905
-8.21327 5.67035 -1.80181
-8.21327 5.67035 -2.65337
-8.21334 5.67025 -0.360552
-8.21345 5.6701 -1.20565
-8.21357 5.66995 -2.04945
-8.21364 5.66984 -2.89474
-8.21364 5.66984 -0.596322
-8.21364 5.66984 -1.44143
-8.21364 5.66984 -2.28189
-8.21364 5.66984 -3.12074
-8.21364 5.66984 -0.814793
-8.55257 5.14371 -1.64667
-8.55257 5.14371 -2.48311
-8.55264 5.1436 -0.176307
-8.55274 5.14345 -1.00518
-8.55284 5.14329 -1.83198
-8.55291 5.14318 -2.65809
-8.55291 5.14318 -0.339763
-8.55291 5.14318 -1.16204
-8.55291 5.14318 -1.98132
-8.55291 5.14318 -2.8041
-8.55291 5.14318 -0.479315
-8.85895 4.59728 -1.29593
-8.85895 4.59728 -2.11657
-8.85902 4.59717 -2.93449
-8.85911 4.597 -0.607275
-8.8592 4.59684 -1.41766
-8.85926 4.59673 -2.22216
-8.85926 4.59673 -3.02655
-8.85926 4.59673 -0.689302
-8.85926 4.59673 -1.4891
-8.85926 4.59673 -2.28655
-8.85926 4.59673 -3.08319
-9.13053 4.03137 -0.735301
-9.13053 4.03137 -1.53145
-9.13059 4.03125 -2.32494
-9.13067 4.03108 -3.11034
-9.13075 4.03091 -0.751408
-9.13081 4.0308 -1.53037
-9.13081 4.0308 -2.30998
-9.13081 4.0308 -3.08528
-9.13081 4.0308 -0.717494
-9.13081 4.0308 -1.48548
-9.13081 4.0308 -2.25409
-9.36569 3.44974 -3.02481
-9.36569 3.44974 -0.652152
-9.36573 3.44963 -1.41574
-9.3658 3.44945 -2.17479
-9.36587 3.44928 1.61125
-9.36592 3.44916 0.631682
-9.36592 3.44916 3.06791
-9.36592 3.44916 0.281873
-9.36592 3.44916 -0.0839428
-9.36592 3.44916 -0.697206
-9.36592 3.44916 -1.39361
-9.56363 2.85464 -2.11883
-9.56363 2.85464 -2.77091
-9.56367 2.85452 -0.336544
-9.56373 2.85435 -1.06279
-9.56379 2.85417 -1.78844
-9.56383 2.85405 -2.51127
-9.56383 2.85405 -0.0915709
-9.56383 2.85405 -0.810481
-9.56383 2.85405 -1.52571
-9.56383 2.85405 -2.237
-9.56383 2.85405 -2.94693
-9.72504 2.24814 -0.512137
-9.72504 2.24814 -1.22187
-9.72508 2.24802 -1.92856
-9.72512 2.24784 -0.887402
-9.72517 2.24766 -1.35781
-9.7252 2.24753 -2.10033
-9.7252 2.24753 -0.756186
-9.7252 2.24753 -1.82754
-9.7252 2.24753 -2.64449
-9.7252 2.24753 -0.231661
-9.7252 2.24753 -0.927187
-9.84546 1.63262 -1.60665
-9.84546 1.63262 -2.31832
-9.84548 1.6325 -2.99808
-9.84552 1.63231 -0.525239
-9.84555 1.63213 -1.18738
-9.84558 1.632 2.68642
-9.84558 1.632 2.05522
-9.84558 1.632 0.576002
-9.84558 1.632 1.82102
-9.84558 1.632 1.83481
-9.84558 1.632 1.42437
-9.92863 1.01094 0.871391
-9.92863 1.01094 0.688677
-9.92865 1.01081 0.217317
-9.92867 1.01062 -0.354074
-9.9287 1.01044 -0.957467
-9.92871 1.01031 -1.56479
-9.92871 1.01031 -2.17353
-9.92871 1.01031 -2.78465
-9.92871 1.01031 -0.247801
-9.92871 1.01031 -0.850341
-9.92871 1.01031 -1.44493
-9.97382 0.385596 -2.03675
-9.97382 0.385596 -2.63558
-9.97383 0.385471 -0.0846517
-9.97384 0.385284 -0.669739
-9.97386 0.385097 -1.24569
-9.97387 0.384972 -1.81851
-9.97387 0.384971 -2.39029
-9.97387 0.384971 -2.95906
-9.97387 0.384971 -0.382542
-9.97387 0.384971 -0.941793
-9.97387 0.384971 -1.49637
-9.97772 -0.241298 -2.04933
-9.97772 -0.241298 -2.6064
-9.97772 -0.241424 -0.016008
-9.97772 -0.241611 -0.559762
-9.97772 -0.241799 -1.09904
-9.97772 -0.241925 -1.63415
-9.97772 -0.241925 -2.16521
-9.97772 -0.241925 -2.68767
-9.97772 -0.241925 -0.0655614
-9.97772 -0.241925 -0.581358
-9.97772 -0.241925 -1.09588
-9.94178 -0.866958 -1.60541
-9.94178 -0.866958 -2.11904
-9.94178 -0.867083 -2.62562
-9.94176 -0.867271 -3.12715
-9.94175 -0.867458 -0.478164
-9.94175 -0.867583 -0.967552
-9.94175 -0.867584 -1.45323
-9.94175 -0.867584 -1.93496
-9.94175 -0.867584 -2.41079
-9.94175 -0.867584 -2.88191
-9.94175 -0.867584 -0.205283
-9.86726 -1.48913 -0.665453
-9.86726 -1.48913 -1.13278
-9.86725 -1.48926 -1.59108
-9.86723 -1.48944 -2.04625
-9.8672 -1.48963 -2.49319
-9.86719 -1.48975 -2.93729
-9.86719 -1.48975 -0.231602
-9.86719 -1.48975 -0.662008
-9.86719 -1.48975 -1.09051
-9.86719 -1.48975 -1.51116
-9.86719 -1.48975 -1.93097
-9.7553 -2.10552 -2.34595
-9.7553 -2.10552 -2.76464
-9.75528 -2.10564 -0.0331405
-9.75524 -2.10583 -0.437484
-9.75521 -2.10601 -0.837176
-9.75519 -2.10613 -1.23264
-9.75519 -2.10613 -1.61949
-9.75519 -2.10613 -2.00335
-9.75519 -2.10613 -2.37899
-9.75519 -2.10613 -2.75444
-9.75519 -2.10613 -3.12262
-9.60414 -2.71392 -0.344041
-9.60414 -2.71392 -0.715175
-9.60411 -2.71405 -1.07916
-9.60406 -2.71423 -1.438
-9.60401 -2.71441 -1.7879
-9.60398 -2.71453 -2.13207
-9.60398 -2.71453 -2.46972
-9.60398 -2.71453 -2.80512
-9.60398 -2.71453 -3.13253
-9.60398 -2.71453 -0.315594
-9.60398 -2.71453 -0.634752
-9.41423 -3.31166 -0.952003
-9.41423 -3.31166 -1.27409
-9.41419 -3.31178 -1.58968
-9.41413 -3.31196 -1.90037
-9.41407 -3.31214 -2.20219
-9.41404 -3.31226 -2.49643
-9.41404 -3.31226 -2.78535
-9.41404 -3.31226 -3.07243
-9.41404 -3.31226 -0.214622
-9.41404 -3.31226 -0.490078
-9.41404 -3.31226 -0.762646
-9.18919 -3.89514 -1.02702
-9.18919 -3.89514 -1.29863
-9.18914 -3.89526 -1.55546
-9.18907 -3.89543 -1.80452
-9.18901 -3.89561 -2.04903
-9.18896 -3.89572 -2.28931
-9.18896 -3.89572 -2.52811
-9.18896 -3.89572 -2.7592
-9.18896 -3.89572 -2.98497
-9.18896 -3.89572 -0.0627667
-9.18896 -3.89572 -0.277287
-8.92544 -4.46423 -0.490119
-8.92544 -4.46423 -0.707234
-8.92538 -4.46434 -0.913729
-8.9253 -4.46451 -1.11653
-8.92523 -4.46468 -1.31087
-8.92517 -4.46479 -1.50231
-8.92517 -4.4648 -1.68557
-8.92517 -4.4648 -1.86333
-8.92517 -4.4648 -2.03466
-8.92517 -4.4648 -2.2011
-8.92517 -4.4648 -2.35866
-8.62749 -5.01675 -2.51579
-8.62749 -5.01675 -2.679
-8.62743 -5.01686 -2.83548
-8.62734 -5.01702 -2.98248
-8.62725 -5.01719 -3.12618
-8.62719 -5.0173 -0.119938
-8.62719 -5.0173 -0.245141
-8.62719 -5.0173 -0.366826
-8.62719 -5.0173 -0.487292
-8.62719 -5.0173 -0.600144
-8.62719 -5.0173 -0.707703
-8.29562 -5.54873 -0.80889
-8.29562 -5.54873 -0.917698
-8.29555 -5.54884 -1.01928
-8.29546 -5.549 -1.11117
-8.29536 -5.54916 -1.19969
-8.29529 -5.54927 -1.27988
-8.29529 -5.54927 -1.35
-8.29529 -5.54927 -1.41664
-8.29529 -5.54927 -1.47941
-8.29529 -5.54927 -1.53896
-8.29529 -5.54927 -1.5902
-7.93022 -6.05986 -1.6359
-7.93022 -6.05986 -1.69065
-7.93015 -6.05997 -1.7304
-7.93004 -6.06012 -1.76495
-7.92993 -6.06027 -1.79505
-7.92986 -6.06037 -1.81906
-7.92986 -6.06037 -1.83641
-7.92986 -6.06037 -1.84879
-7.92986 -6.06037 -1.85492
-7.92986 -6.06037 -1.85622
-7.92986 -6.06037 -1.85584
-7.53474 -6.54565 -1.85036
-7.53474 -6.54565 -1.8493
-7.53466 -6.54574 -1.83376
-7.53454 -6.54589 -1.8132
-7.53442 -6.54603 -1.78636
-7.53434 -6.54613 -1.75014
-7.53434 -6.54613 -1.71065
-7.53434 -6.54613 -1.66284
-7.53434 -6.54613 -1.61214
-7.53434 -6.54613 -1.5559
-7.53434 -6.54613 -1.49509
-7.1091 -7.00598 -1.42815
-7.1091 -7.00598 -1.3682
-7.10902 -7.00607 -1.29891
-7.10889 -7.00621 -1.22184
-7.10876 -7.00635 -1.13753
-7.10868 -7.00644 -1.04806
-7.10868 -7.00644 -0.94961
-7.10868 -7.00644 -0.848054
-7.10868 -7.00644 -0.740882
-7.10868 -7.00644 -0.631763
-7.10868 -7.00644 -0.514778
-6.65368 -7.43775 -0.392412
-6.65368 -7.43775 -0.278701
-6.65359 -7.43784 -0.155539
-6.65345 -7.43797 -0.0264173
-6.65331 -7.4381 0.109311
-6.65322 -7.43818 0.24996
-6.65322 -7.43818 0.399448
-6.65322 -7.43818 0.553886
-6.65322 -7.43818 0.712693
-6.65322 -7.43818 0.877553
-6.65322 -7.43818 2.44379
-6.1746 -7.84174 2.64457
-6.1746 -7.84174 1.98468
-6.17451 -7.84182 0.916871
-6.17436 -7.84194 1.76276
-6.17422 -7.84206 2.18554
-6.17412 -7.84214 2.46347
-6.17412 -7.84214 2.6984
-6.17412 -7.84214 2.91841
-6.17412 -7.84214 3.14044
-6.17412 -7.84214 -1.18305
-6.17412 -7.84214 -0.731315
-5.66994 -8.2148 -0.543208
-5.66994 -8.2148 -3.05053
-5.66984 -8.21487 -2.92519
-5.66969 -8.21498 -1.7566
-5.66954 -8.2151 -2.27601
-5.66944 -8.21517 -2.28959
-5.66944 -8.21517 -2.1232
-5.66944 -8.21517 -1.89176
-5.66944 -8.21517 -1.63058
-5.66944 -8.21517 -1.35909
-5.66944 -8.21517 -1.07948
-5.14215 -8.55453 -0.794414
-5.14215 -8.55453 -0.518214
-5.14205 -8.55459 -0.227102
-5.14189 -8.5547 0.0692142
-5.14173 -8.5548 0.371885
-5.14162 -8.55487 0.681275
-5.14162 -8.55487 0.995592
-5.14162 -8.55487 1.31615
-5.14162 -8.55487 1.63888
-5.14162 -8.55487 1.9669
-5.14162 -8.55487 2.30128
-4.59597 -8.85996 2.64053
-4.59597 -8.85996 2.97244
-4.59586 -8.86002 0.173733
-4.5957 -8.86011 0.525082
-4.59553 -8.86021 0.879371
-4.59543 -8.86027 1.23919
-4.59543 -8.86027 1.60352
-4.59543 -8.86027 1.97395
-4.59543 -8.86027 2.3465
-4.59543 -8.86027 2.72244
-4.59543 -8.86027 3.10408
-4.03077 -9.13097 0.34612
-4.03077 -9.13097 0.724723
-4.03065 -9.13102 1.11454
-4.03049 -9.1311 1.50562
-4.03032 -9.13118 1.90164
-4.0302 -9.13124 2.30199
-4.0302 -9.13124 2.70837
-4.0302 -9.13124 3.12138
-4.0302 -9.13124 0.397745
-4.0302 -9.13124 0.821956
-4.0302 -9.13124 1.24833
-3.44864 -9.3655 1.67735
-3.44864 -9.3655 2.10323
-3.44852 -9.36555 2.53927
-3.44835 -9.36562 2.98145
-3.44817 -9.36569 0.28602
-3.44806 -9.36573 0.736329
-3.44806 -9.36573 1.19256
-3.44806 -9.36573 1.65084
-3.44806 -9.36573 2.11703
-3.44805 -9.36573 2.59049
-3.44805 -9.36573 3.06648
-2.85339 -9.56334 0.406287
-2.85339 -9.56334 0.882502
-2.85327 -9.56337 1.36404
-2.85309 -9.56343 1.85196
-2.85292 -9.56349 2.34473
-2.8528 -9.56353 2.84821
-2.8528 -9.56353 0.213813
-2.8528 -9.56353 0.722298
-2.8528 -9.56353 1.23577
-2.8528 -9.56353 1.7555
-2.8528 -9.56353 2.27741
-2.2476 -9.72335 2.80007
-2.2476 -9.72335 0.179227
-2.24747 -9.72339 0.70607
-2.24729 -9.72343 1.24225
-2.24711 -9.72348 1.77902
-2.24699 -9.72351 2.32312
-2.24699 -9.72351 2.86974
-2.24699 -9.72351 -1.10925
-2.24699 -9.72351 -0.573296
-2.24699 -9.72351 -2.32481
-2.24699 -9.72351 -0.508077
-1.63287 -9.84631 -0.595815
-1.63287 -9.84631 -0.681301
-1.63275 -9.84633 -1.42135
-1.63257 -9.84637 -1.30185
-1.63238 -9.84641 -0.877145
-1.63226 -9.84643 -0.349241
-1.63226 -9.84643 0.218989
-1.63226 -9.84643 0.808391
-1.63226 -9.84643 1.40248
-1.63226 -9.84643 2.00273
-1.63226 -9.84643 2.60777
-1.01183 -9.92853 0.0774189
-1.01183 -9.92853 0.68148
-1.0117 -9.92855 1.29243
-1.01152 -9.92857 1.91034
-1.01133 -9.9286 2.53062
-1.0112 -9.92861 0.0146252
-1.0112 -9.92861 0.646603
-1.0112 -9.92861 -0.123844
-1.0112 -9.92861 -2.40626
-1.0112 -9.92861 -1.81475
-1.0112 -9.92861 -2.27472
-0.38563 -9.9731 -2.01003
-0.38563 -9.9731 -0.442636
-0.385505 -9.97311 -0.55971
-0.385318 -9.97313 -0.171602
-0.38513 -9.97314 0.396223
-0.385005 -9.97315 1.03091
-0.385005 -9.97315 1.68872
-0.385004 -9.97315 2.35456
-0.385004 -9.97315 3.02771
-0.385004 -9.97315 0.561811
-0.385004 -9.97315 1.24292
0.240395 -9.97728 1.9259
0.240395 -9.97728 2.60413
0.24052 -9.97728 0.149055
0.240708 -9.97728 0.843047
0.240895 -9.97728 1.537
0.241021 -9.97728 2.23545
0.241021 -9.97728 2.93806
0.241021 -9.97728 0.497872
0.241021 -9.97728 1.20339
0.241021 -9.97728 1.91487
0.241021 -9.97728 2.63108
0.867633 -9.94247 0.209209
0.867633 -9.94247 0.92355
0.867758 -9.94246 1.64268
0.867946 -9.94245 2.36804
0.868134 -9.94244 3.09284
0.868259 -9.94243 0.683008
0.86826 -9.94243 1.42174
0.86826 -9.94243 2.16289
0.86826 -9.94243 2.90222
0.86826 -9.94243 0.503866
0.86826 -9.94243 1.24846
1.49018 -9.86836 1.99806
1.49018 -9.86836 2.74351
1.4903 -9.86834 0.351812
1.49049 -9.86832 1.10785
1.49067 -9.8683 1.86604
1.4908 -9.86829 2.62682
1.4908 -9.86829 0.246861
1.4908 -9.86829 1.01333
1.4908 -9.86829 1.78413
1.4908 -9.86829 2.56096
1.4908 -9.86829 0.195649
2.10656 -9.75553 0.971731
2.10656 -9.75553 1.74831
2.10669 -9.75551 2.52908
2.10687 -9.75547 0.174224
2.10706 -9.75544 0.963051
2.10718 -9.75542 1.74996
2.10718 -9.75542 2.54069
2.10718 -9.75542 0.191147
2.10718 -9.75542 0.985541
2.10718 -9.75542 1.78075
2.10718 -9.75542 2.58077
2.71491 -9.60406 0.240878
2.71491 -9.60406 1.03833
2.71503 -9.60403 1.84108
2.71521 -9.60399 2.64567
2.71539 -9.60394 0.311918
2.71551 -9.60391 1.12278
2.71551 -9.60391 1.93465
2.71551 -9.60391 2.75407
2.71551 -9.60391 0.429197
2.71551 -9.60391 1.24953
2.71551 -9.60391 2.0711
3.31338 -9.41406 2.89765
3.31338 -9.41406 0.578547
3.3135 -9.41402 1.4028
3.31368 -9.41396 2.2277
3.31386 -9.4139 3.05281
3.31398 -9.41387 0.740864
3.31398 -9.41387 1.57663
3.31398 -9.41387 2.41187
3.31398 -9.41387 -1.29666
3.31398 -9.41387 -0.231988
3.31398 -9.41387 -2.58044
3.89817 -9.18782 -2.84464
3.89817 -9.18782 -2.1147
3.89829 -9.18778 -0.346586
3.89846 -9.18771 -0.270893
3.89864 -9.18764 0.311774
3.89875 -9.1876 1.06759
3.89875 -9.1876 1.88607
3.89875 -9.1876 2.7255
3.89875 -9.1876 0.433255
3.89875 -9.1876 2.68537
3.89875 -9.1876 0.173584
4.46647 -8.92666 1.07283
4.46647 -8.92666 1.51472
4.46659 -8.92661 2.48017
4.46676 -8.92653 2.41382
4.46693 -8.92645 0.902439
4.46704 -8.9264 2.02712
4.46704 -8.9264 2.98101
4.46704 -8.9264 0.734107
4.46704 -8.9264 1.61015
4.46704 -8.9264 2.47973
4.46704 -8.9264 0.205473
5.01788 -8.62725 1.07392
5.01788 -8.62725 1.9431
5.01799 -8.62719 2.81224
5.01815 -8.6271 0.537087
5.01832 -8.62701 1.4098
5.01843 -8.62695 2.28205
5.01843 -8.62695 0.0170289
5.01843 -8.62695 0.892442
5.01843 -8.62695 1.7648
5.01843 -8.62695 2.6361
5.01843 -8.62695 0.369978
5.55062 -8.29497 1.24689
5.55062 -8.29497 2.12014
5.55073 -8.2949 2.99368
5.55089 -8.2948 0.730235
5.55105 -8.2947 1.60736
5.55116 -8.29464 2.48414
5.55116 -8.29464 0.216496
5.55116 -8.29464 1.094
5.55116 -8.29464 1.97008
5.55116 -8.29464 2.84832
5.55116 -8.29464 0.587605
6.06045 -7.93051 1.46939
6.06045 -7.93051 2.34887
6.06055 -7.93043 0.0859648
6.0607 -7.93032 0.966996
6.06086 -7.93021 1.84813
6.06096 -7.93014 2.73195
6.06096 -7.93014 0.472399
6.06096 -7.93014 1.35117
6.06096 -7.93014 2.23069
6.06096 -7.93014 3.11047
6.06096 -7.93014 0.848743
6.54511 -7.53325 1.72864
6.54511 -7.53325 2.60846
6.54521 -7.53317 0.348676
6.54535 -7.53305 1.23115
6.5455 -7.53293 2.11391
6.54559 -7.53285 2.99144
6.54559 -7.53285 0.732707
6.54559 -7.53285 1.61741
6.54559 -7.53285 2.49745
6.54559 -7.53285 0.236931
6.54559 -7.53285 1.11571
7.00526 -7.10769 1.99104
7.00526 -7.10769 2.87012
7.00535 -7.10761 0.608529
7.00549 -7.10748 1.4862
7.00563 -7.10735 2.36311
7.00572 -7.10727 0.0954759
7.00572 -7.10727 0.972903
7.00572 -7.10727 1.84888
7.00572 -7.10727 2.72435
7.00572 -7.10727 0.458058
7.00572 -7.10727 1.33064
7.4375 -6.65434 -0.591784
7.4375 -6.65434 -2.65762
7.43758 -6.65425 -1.00699
7.43771 -6.65411 -3.13403
7.43784 -6.65397 -0.161521
7.43793 -6.65388 0.348182
7.43793 -6.65388 1.09059
7.43793 -6.65388 1.91103
7.43793 -6.65388 2.76305
7.43793 -6.65388 0.479895
7.43793 -6.65388 1.34244
7.83961 -6.17421 2.20376
7.83961 -6.17421 3.0632
7.8397 -6.17411 0.781866
7.83982 -6.17397 1.64243
7.83994 -6.17382 2.50048
7.84002 -6.17373 0.216045
7.84002 -6.17373 1.07472
7.84002 -6.17373 1.93393
7.84002 -6.17373 2.79067
7.84002 -6.17373 0.502301
7.84002 -6.17373 1.35431
8.21295 -5.66991 2.20324
8.21295 -5.66991 3.05498
8.21302 -5.66981 0.759603
8.21313 -5.66966 1.6039
8.21325 -5.66951 2.44759
8.21332 -5.66941 0.151328
8.21332 -5.66941 0.994523
8.21332 -5.66941 1.83698
8.21332 -5.66941 2.67918
8.21332 -5.66941 0.377041
8.21332 -5.66941 1.21289
8.55264 -5.1439 2.0475
8.55264 -5.1439 2.88527
8.55271 -5.1438 0.576329
8.55281 -5.14364 1.40983
8.55291 -5.14348 2.23838
8.55298 -5.14338 3.0652
8.55298 -5.14338 0.74977
8.55298 -5.14338 1.57305
8.55298 -5.14338 2.39722
8.55298 -5.14338 0.0755664
8.55298 -5.14338 0.891384
8.85783 -4.59637 1.70312
8.85783 -4.59637 2.52021
8.85789 -4.59627 0.188197
8.85798 -4.5961 0.995087
8.85807 -4.59594 1.80299
8.85814 -4.59583 2.60674
8.85814 -4.59583 0.264731
8.85814 -4.59583 1.06023
8.85814 -4.59583 1.8543
8.85814 -4.59583 2.65242
8.85814 -4.59583 0.3077
9.12916 -4.03077 1.0996
9.12916 -4.03077 1.89556
9.12922 -4.03066 2.68455
9.1293 -4.03049 0.331427
9.12938 -4.03032 1.11962
9.12944 -4.03021 1.90058
9.12944 -4.03021 2.679
9.12944 -4.03021 0.316838
9.12944 -4.03021 1.09661
9.12944 -4.03021 1.86932
9.12944 -4.03021 2.63692
9.36552 -3.449 0.258502
9.36552 -3.449 1.0279
9.36556 -3.44889 1.79173
9.36563 -3.44871 2.55102
9.3657 -3.44854 0.167146
9.36575 -3.44842 0.921565
9.36575 -3.44842 1.67486
9.36575 -3.44842 2.42512
9.36575 -3.44842 0.0327346
9.36575 -3.44842 0.774382
9.36575 -3.44842 1.51529
9.56336 -2.85365 2.2533
9.56336 -2.85365 2.99368
9.5634 -2.85353 0.589952
9.56346 -2.85335 1.32689
9.56352 -2.85317 2.05637
9.56356 -2.85305 2.78062
9.56356 -2.85305 0.358755
9.56356 -2.85305 1.07692
9.56356 -2.85305 1.79188
9.56356 -2.85305 2.50308
9.56356 -2.85305 0.0740415
9.72264 -2.24738 0.784407
9.72264 -2.24738 1.49532
9.72267 -2.24726 2.19796
9.72271 -2.24708 2.89513
9.72276 -2.24689 0.446148
9.72279 -2.24677 1.13708
9.72279 -2.24677 1.82746
9.72279 -2.24677 2.51233
9.72279 -2.24677 0.053699
9.72279 -2.24677 0.733349
9.72279 -2.24677 1.40731
9.84533 -1.63368 2.07665
9.84533 -1.63368 2.75272
9.84535 -1.63356 0.281254
9.84539 -1.63337 0.946562
9.84543 -1.63319 1.61025
9.84545 -1.63307 2.26811
9.84545 -1.63307 2.9239
9.84545 -1.63307 0.43285
9.84545 -1.63307 1.07892
9.84545 -1.63307 1.72078
9.84545 -1.63307 2.35399
9.92771 -1.01231 2.9842
9.92771 -1.01231 0.480434
9.92773 -1.01218 1.10957
9.92775 -1.012 1.73573
9.92778 -1.01181 2.35826
9.92779 -1.01169 2.97686
9.92779 -1.01169 0.447921
9.92779 -1.01169 1.05585
9.92779 -1.01169 1.6595
9.92779 -1.01169 2.26166
9.92779 -1.01169 2.26166
