4.27973e-317 3.39917e-321 0
4.27973e-317 3.39917e-321 -0.835327
4.27973e-317 3.39917e-321 -1.3507
4.27973e-317 3.39917e-321 -1.63212
4.27973e-317 3.39917e-321 -1.76708
4.27973e-317 3.39917e-321 -1.81523
4.27973e-317 3.39917e-321 -1.81296
4.27973e-317 3.39917e-321 -1.78168
4.27973e-317 3.39917e-321 -1.73383
4.27973e-317 3.39917e-321 -1.67662
9.98027 0.627905 -1.61424
9.98027 0.627905 -1.55798
9.98027 0.627905 -1.49637
9.98027 0.627905 -1.43191
9.98027 0.627905 -1.36602
9.98027 0.627905 -1.29955
9.98027 0.627905 -1.23297
9.98027 0.627905 -1.16657
9.98027 0.627905 -1.1005
9.98027 0.627905 -1.03487
9.98027 0.627905 -0.969726
9.94373 1.01444 -0.905111
9.94373 1.01444 -0.840067
9.94372 1.01452 -0.77577
9.94371 1.01463 -0.71216
9.9437 1.01475 -0.649187
9.9437 1.01483 -0.58682
9.9437 1.01483 -0.525026
9.9437 1.01483 -0.463812
9.9437 1.01483 -0.403179
9.9437 1.01483 -0.34313
9.9437 1.01483 -0.28367
9.86902 1.54571 -0.224799
9.86902 1.54571 -0.165432
9.86901 1.54581 -0.106896
9.86898 1.54597 -0.0491115
9.86896 1.54613 0.0079873
9.86895 1.54624 0.0644498
9.86895 1.54624 0.120317
9.86895 1.54624 0.175583
9.86895 1.54624 0.230243
9.86895 1.54624 0.284296
9.86895 1.54624 0.33774
9.75577 2.1276 0.390572
9.75577 2.1276 0.443919
9.75575 2.12772 0.49641
9.75572 2.12789 0.548133
9.75568 2.12806 0.599152
9.75566 2.12818 0.649512
9.75566 2.12818 0.699245
9.75566 2.12818 0.748352
9.75566 2.12818 0.796831
9.75566 2.12818 0.844681
9.75566 2.12818 0.891897
9.60419 2.72272 0.938483
9.60419 2.72272 0.985602
9.60416 2.72284 1.03185
9.60411 2.72302 1.07732
9.60407 2.7232 1.12208
9.60403 2.72332 1.16615
9.60403 2.72332 1.20957
9.60403 2.72332 1.25233
9.60403 2.72332 1.29445
9.60403 2.72332 1.33591
9.60403 2.72332 1.37672
9.41475 3.31535 1.41687
9.41475 3.31535 1.45758
9.41471 3.31547 1.49741
9.41465 3.31565 1.53645
9.4146 3.31583 1.57477
9.41456 3.31594 1.61239
9.41456 3.31594 1.64931
9.41456 3.31594 1.68556
9.41456 3.31595 1.72114
9.41456 3.31595 1.75605
9.41456 3.31595 1.79029
9.18818 3.89804 1.82386
9.18818 3.89804 1.858
9.18813 3.89815 1.89125
9.18807 3.89833 1.92371
9.188 3.8985 1.95543
9.18795 3.89862 1.98644
9.18795 3.89862 2.01672
9.18795 3.89862 2.04631
9.18795 3.89862 2.07521
9.18795 3.89862 2.10343
9.18795 3.89862 2.13096
8.92536 4.46654 2.15782
8.92536 4.46654 2.18525
8.92531 4.46666 2.21178
8.92523 4.46683 2.23751
8.92515 4.467 2.26251
8.9251 4.46711 2.28677
8.9251 4.46711 2.31029
8.9251 4.46711 2.33309
8.9251 4.46711 2.35519
8.9251 4.46711 2.3766
8.9251 4.46711 2.39732
8.62732 5.01788 2.41734
8.62732 5.01788 2.43795
8.62726 5.01799 2.45766
8.62717 5.01815 2.47656
8.62708 5.01832 2.49471
8.62702 5.01843 2.51212
8.62702 5.01843 2.52878
8.62702 5.01843 2.54471
8.62702 5.01843 2.55993
8.62702 5.01843 2.57445
8.62702 5.01843 2.58827
8.29523 5.54958 2.60139
8.29523 5.54958 2.6151
8.29516 5.54969 2.62789
8.29506 5.54985 2.63988
8.29496 5.55001 2.65111
8.2949 5.55011 2.6616
8.2949 5.55011 2.67132
8.2949 5.55011 2.68032
8.2949 5.55011 2.6886
8.2949 5.55011 2.69617
8.2949 5.55011 2.70303
7.9304 6.05945 2.7092
7.9304 6.05945 2.71595
7.93033 6.05955 -1.40839
7.93022 6.05971 -0.158598
7.93011 6.05986 0.565255
7.93004 6.05996 0.984754
7.93004 6.05996 1.22802
7.93004 6.05996 1.3691
7.93004 6.05996 1.4508
7.93004 6.05996 1.49787
7.93004 6.05996 1.52463
7.53428 6.54543 1.53935
7.53428 6.54543 1.56772
7.5342 6.54553 1.58307
7.53408 6.54568 1.59059
7.53396 6.54582 1.5933
7.53388 6.54592 1.59293
7.53388 6.54592 1.59049
7.53388 6.54592 1.58656
7.53388 6.54592 1.58148
7.53388 6.54592 1.57543
7.53388 6.54592 1.56854
7.10842 7.00559 1.56086
7.10842 7.00559 1.55387
7.10834 7.00569 1.54583
7.10821 7.00582 1.53689
7.10808 7.00596 1.52713
7.108 7.00605 1.51662
7.108 7.00605 1.50537
7.108 7.00605 1.49342
7.10799 7.00605 1.48076
7.10799 7.00605 1.46741
7.10799 7.00605 1.45335
6.65451 7.43811 1.4386
6.65451 7.43811 1.42444
6.65442 7.43819 1.40932
6.65428 7.43832 1.39335
6.65415 7.43845 1.3766
6.65406 7.43854 1.35911
6.65406 7.43854 1.34092
6.65406 7.43854 1.32203
6.65406 7.43854 1.30246
6.65406 7.43854 1.28219
6.65406 7.43854 1.26124
6.17433 7.84127 1.2396
6.17433 7.84127 1.21854
6.17424 7.84135 1.19652
6.17409 7.84147 1.17366
6.17395 7.84159 1.15001
6.17385 7.84167 1.12563
6.17385 7.84167 1.10057
6.17385 7.84167 1.07483
6.17385 7.84167 1.04842
6.17385 7.84167 1.02132
6.17385 7.84167 0.993547
5.6698 8.21349 0.965096
5.6698 8.21349 0.937216
5.66969 8.21356 0.908391
5.66954 8.21367 0.878718
5.66939 8.21378 0.848269
5.66929 8.21386 0.817108
5.66929 8.21386 0.785285
5.66929 8.21386 0.752798
5.66929 8.21386 0.719645
5.66929 8.21386 0.685829
5.66929 8.21386 0.651349
5.14288 8.55329 0.616207
5.14288 8.55329 0.581624
5.14277 8.55336 0.546109
5.14262 8.55346 0.509753
5.14246 8.55356 0.472637
5.14235 8.55363 0.434822
5.14235 8.55363 0.396364
5.14235 8.55363 0.357259
5.14235 8.55363 0.317506
5.14235 8.55363 0.277105
5.14235 8.55363 0.236053
4.59566 8.85933 0.194354
4.59566 8.85933 0.153202
4.59555 8.8594 0.111138
4.59539 8.85949 0.0682604
4.59523 8.85958 0.0246444
4.59512 8.85964 -0.0196526
4.59512 8.85964 -0.0645789
4.59512 8.85964 -0.11014
4.59512 8.85964 -0.156334
4.59512 8.85964 -0.203156
4.59512 8.85964 -0.250607
4.03032 9.13041 -0.298688
4.03032 9.13041 -0.346238
4.0302 9.13047 -0.39466
4.03003 9.13055 -0.443857
4.02986 9.13063 -0.493766
4.02975 9.13068 -0.544335
4.02975 9.13068 -0.59553
4.02975 9.13068 -0.647347
4.02975 9.13068 -0.699781
4.02975 9.13068 -0.752833
4.02975 9.13068 -0.806499
3.44906 9.36547 -0.860774
3.44906 9.36547 -0.914533
3.44894 9.36551 -0.969123
3.44877 9.36558 -1.02444
3.44859 9.36565 -1.08043
3.44848 9.3657 -1.13706
3.44848 9.3657 -1.19431
3.44848 9.3657 -1.25218
3.44848 9.3657 -1.31066
3.44848 9.3657 -1.36973
3.44848 9.3657 -1.4294
2.85419 9.56355 -1.48966
2.85419 9.56355 -1.54941
2.85407 9.56359 -1.60995
2.85389 9.56365 -1.67116
2.85371 9.56371 -1.733
2.8536 9.56375 -1.79547
2.8536 9.56375 -1.85857
2.85359 9.56375 -1.92227
2.85359 9.56375 -1.98656
2.85359 9.56375 -2.05142
2.85359 9.56375 -2.11686
2.24805 9.72389 -2.18287
2.24805 9.72389 -2.24839
2.24793 9.72393 -0.161637
2.24775 9.72397 1.0162
2.24757 9.72402 1.66827
2.24745 9.72406 2.01615
2.24745 9.72406 2.18796
2.24745 9.72406 2.25772
2.24745 9.72406 2.26827
2.24745 9.72406 2.24435
2.24745 9.72406 2.20028
1.63305 9.84587 2.14432
1.63305 9.84587 2.10188
1.63293 9.84589 2.04664
1.63274 9.84593 1.98376
1.63256 9.84596 1.91626
1.63243 9.84599 1.84585
1.63243 9.84599 1.77357
1.63243 9.84599 1.7
1.63243 9.84599 1.62545
1.63243 9.84599 1.55012
1.63243 9.84599 1.47414
1.0116 9.92898 1.39756
1.0116 9.92898 1.32151
1.01148 9.929 1.24465
1.01129 9.92902 1.16709
1.0111 9.92905 1.08892
1.01098 9.92906 1.0102
1.01098 9.92906 0.931003
1.01098 9.92906 0.851317
1.01098 9.92906 0.77115
1.01098 9.92906 0.690501
1.01098 9.92906 0.609375
0.38616 9.9729 0.527775
0.38616 9.9729 0.446576
0.386035 9.97291 0.364703
0.385847 9.97293 0.282232
0.38566 9.97294 0.199221
0.385535 9.97295 0.115722
0.385535 9.97295 0.0317721
0.385535 9.97295 -0.0526275
0.385535 9.97295 -0.137478
0.385534 9.97295 -0.222777
0.385534 9.97295 -0.308522
-0.240806 9.97747 -0.39471
-0.240806 9.97747 -0.480523
-0.240931 9.97747 -0.566933
-0.241119 9.97748 -0.653866
-0.241307 9.97748 -0.741276
-0.241432 9.97748 -0.829143
-0.241432 9.97748 -0.917457
-0.241432 9.97748 -1.0062
-0.241432 9.97748 -1.09538
-0.241433 9.97748 -1.18498
-0.241433 9.97748 -1.27499
-0.86682 9.94267 -1.36541
-0.86682 9.94267 -1.45549
-0.866945 9.94266 -1.54608
-0.867132 9.94265 -1.63712
-0.86732 9.94264 -1.72859
-0.867445 9.94263 -1.82048
-0.867445 9.94263 -1.91282
-0.867445 9.94263 -2.00557
-0.867445 9.94263 -2.09873
-0.867446 9.94263 -2.19227
-0.867446 9.94263 -2.2862
-1.48941 9.86861 -2.38051
-1.48941 9.86861 -2.47449
-1.48954 9.8686 -2.56894
-1.48972 9.86858 -2.66381
-1.48991 9.86856 -2.75907
-1.49004 9.86854 -2.85471
-1.49004 9.86854 -2.95076
-1.49004 9.86854 -3.04718
-1.49004 9.86854 -3.14397
-1.49004 9.86854 -3.2411
-1.49004 9.86854 -3.33857
-2.10613 9.75562 -3.43639
-2.10613 9.75562 -3.53391
-2.10625 9.7556 -3.63189
-2.10644 9.75556 -3.73028
-2.10662 9.75553 -3.82903
-2.10675 9.75551 -1.77512
-2.10675 9.75551 -0.629732
-2.10675 9.75551 -0.00974689
-2.10675 9.75551 0.306338
-2.10675 9.75551 0.446587
-2.10675 9.75551 0.485049
-2.71454 9.60413 -1.68847
-2.71454 9.60413 -2.88599
-2.71466 9.6041 -3.62121
-2.71484 9.60405 -4.0893
-2.71502 9.60401 -4.40308
-2.71514 9.60398 -4.62775
-2.71514 9.60398 -4.80098
-2.71514 9.60398 -4.94459
-2.71514 9.60398 -5.07117
-2.71514 9.60398 -5.18802
-2.71514 9.60398 -5.29935
-3.31223 9.41472 -5.4076
-3.31223 9.41472 -5.51948
-3.31235 9.41469 -5.62817
-3.31253 9.41463 -5.73514
-3.31271 9.41457 -5.8412
-3.31283 9.41453 -5.94683
-3.31283 9.41453 -6.05228
-3.31283 9.41453 -6.15771
-3.31283 9.41453 -6.26323
-3.31283 9.41453 -6.36889
-3.31283 9.41453 -6.47473
-3.89685 9.18817 -6.58075
-3.89685 9.18817 -6.68662
-3.89696 9.18813 -6.79274
-3.89714 9.18806 -6.89907
-3.89731 9.18799 -7.00561
-3.89743 9.18794 -7.11235
-3.89743 9.18794 -7.21931
-3.89743 9.18794 -7.32647
-3.89743 9.18794 -7.43381
-3.89743 9.18794 -7.54134
-3.89743 9.18794 -7.64905
-4.46609 8.92536 -7.75693
-4.46609 8.92536 -7.86466
-4.4662 8.9253 -7.97259
-4.46637 8.92523 -8.08067
-4.46654 8.92515 -8.18891
-4.46666 8.92509 -8.29732
-4.46666 8.92509 -8.40593
-4.46666 8.92509 -8.51471
-4.46666 8.92509 -8.62364
-4.46666 8.92509 -8.73273
-4.46666 8.92509 -8.84195
-5.0177 8.62732 -8.9513
-5.0177 8.62732 -9.06054
-5.01782 8.62726 -9.16994
-5.01798 8.62717 -9.27947
-5.01815 8.62708 -9.38914
-5.01826 8.62702 -3.21575
-5.01826 8.62702 -3.32566
-5.01826 8.62702 -3.43568
-5.01826 8.62702 -3.5458
-5.01826 8.62702 -3.65602
-5.01826 8.62702 -3.76633
-5.54951 8.29523 -3.87672
-5.54951 8.29523 -3.98705
-5.54962 8.29516 -4.09751
-5.54978 8.29506 -4.2081
-5.54994 8.29496 -4.31879
-5.55005 8.2949 -4.42956
-5.55005 8.2949 -4.54036
-5.55005 8.2949 -4.65119
-5.55005 8.2949 -4.76208
-5.55005 8.2949 -4.873
-5.55005 8.2949 -4.98396
-6.05943 7.9304 -5.09497
-6.05943 7.9304 -5.20594
-6.05953 7.93033 -5.31698
-6.05968 7.93022 -5.4281
-6.05983 7.93011 -5.53927
-6.05994 7.93004 -3.49744
-6.05994 7.93004 -2.3638
-6.05994 7.93004 -1.75526
-6.05994 7.93004 -1.45032
-6.05994 7.93004 -1.32091
-6.05994 7.93004 -1.29298
-6.54542 7.53428 -1.32372
-6.54542 7.53428 -1.28691
-6.54552 7.5342 -1.31247
-6.54567 7.53408 -1.37408
-6.54581 7.53396 -1.45652
-6.54591 7.53388 2.13064
-6.54591 7.53388 -2.12539
-6.54591 7.53388 -1.00016
-6.54591 7.53388 -0.396406
-6.54591 7.53388 -0.0941232
-6.54591 7.53388 0.0338759
-7.00559 7.10842 0.0611283
-7.00559 7.10842 0.204395
-7.00568 7.10834 0.240504
-7.00582 7.10821 0.214673
-7.00596 7.10808 0.153066
-7.00605 7.108 0.0708028
-7.00605 7.108 -0.0233736
-7.00605 7.108 -0.124403
-7.00605 7.10799 -0.229362
-7.00605 7.10799 -0.336551
-7.00605 7.10799 -0.444995
-7.43811 6.65451 -0.554122
-7.43811 6.65451 -0.662432
-7.43819 6.65442 -0.77141
-7.43832 6.65428 -0.880713
-7.43845 6.65415 -0.990156
-7.43854 6.65406 -1.09965
-7.43854 6.65406 -1.20915
-7.43854 6.65406 -1.3186
-7.43854 6.65406 -1.42798
-7.43854 6.65406 -1.53726
-7.43854 6.65406 -1.64642
-7.84127 6.17433 -1.75546
-7.84127 6.17433 -1.86459
-7.84135 6.17424 -1.97352
-7.84147 6.17409 -2.08226
-7.84159 6.17395 -2.19083
-7.84167 6.17385 -2.29924
-7.84167 6.17385 -2.40753
-7.84167 6.17385 -2.51566
-7.84167 6.17385 -2.62364
-7.84167 6.17385 -2.73145
-7.84167 6.17385 -2.8391
-8.21349 5.6698 -2.94657
-8.21349 5.6698 -3.05418
-8.21356 5.66969 -3.16157
-8.21367 5.66954 -3.26876
-8.21378 5.66939 -3.37574
-8.21386 5.66929 -3.48253
-8.21386 5.66929 -3.5891
-8.21386 5.66929 -3.69544
-8.21386 5.66929 -3.80157
-8.21386 5.66929 -3.90749
-8.21386 5.66929 -4.01319
-8.55329 5.14288 -4.11866
-8.55329 5.14288 -4.22433
-8.55336 5.14277 -4.32972
-8.55346 5.14262 -4.43488
-8.55356 5.14246 -4.53981
-8.55363 5.14235 -4.64448
-8.55363 5.14235 -4.74886
-8.55363 5.14235 -4.85297
-8.55363 5.14235 -4.95682
-8.55363 5.14235 -5.0604
-8.55363 5.14235 -5.16373
-8.85933 4.59566 -5.26679
-8.85933 4.59566 -5.37008
-8.8594 4.59555 -5.47301
-8.85949 4.59539 -5.57563
-8.85958 4.59523 -5.67795
-8.85964 4.59512 -5.77997
-8.85964 4.59512 -5.88169
-8.85964 4.59512 -5.98312
-8.85964 4.59512 -6.08425
-8.85964 4.59512 -6.18508
-8.85964 4.59512 -6.28562
-9.13041 4.03032 -6.38586
-9.13041 4.03032 -6.48635
-9.13047 4.0302 -6.5864
-9.13055 4.03003 -6.68606
-9.13063 4.02986 -6.78534
-9.13068 4.02975 -6.88429
-9.13068 4.02975 -6.98294
-9.13068 4.02975 -7.08128
-9.13068 4.02975 -7.17929
-9.13068 4.02975 -7.27698
-9.13068 4.02975 -7.37434
-9.36547 3.44906 -7.47136
-9.36547 3.44906 -7.56866
-9.36551 3.44894 -7.66547
-9.36558 3.44877 -5.60881
-9.36565 3.44859 -4.45999
-9.3657 3.44848 -3.83594
-9.3657 3.44848 -3.51511
-9.3657 3.44848 -3.36944
-9.3657 3.44848 -3.32489
-9.3657 3.44848 -3.33864
-9.3657 3.44848 -3.38593
-9.56355 2.85419 -3.45247
-9.56355 2.85419 -3.49674
-9.56359 2.85407 -3.56139
-9.56365 2.85389 -3.63769
-9.56371 2.85371 -3.72054
-9.56375 2.8536 -3.80702
-9.56375 2.8536 -3.89537
-9.56375 2.85359 -3.98465
-9.56375 2.85359 -4.07429
-9.56375 2.85359 -4.16396
-9.56375 2.85359 -4.25348
-9.72389 2.24805 -4.34272
-9.72389 2.24805 -4.43215
-9.72393 2.24793 -6.67421
-9.72397 2.24775 -8.0076
-9.72402 2.24757 -8.81546
-9.72406 2.24745 -9.31932
-9.72406 2.24745 -3.36405
-9.72406 2.24745 -3.59005
-9.72406 2.24745 -3.75693
-9.72406 2.24745 -3.88945
-9.72406 2.24745 -4.00191
-9.84587 1.63305 -4.10259
-9.84587 1.63305 -4.2167
-9.84589 1.63293 -4.31816
-9.84593 1.63274 -4.41215
-9.84596 1.63256 -4.5016
-9.84599 1.63243 -0.906582
-9.84599 1.63243 1.13729
-9.84599 1.63243 2.28453
-9.84599 1.63243 2.91355
-9.84599 1.63243 -3.04002
-9.84599 1.63243 -2.88332
-9.92898 1.0116 -2.82639
-9.92898 1.0116 -2.65443
-9.929 1.01148 -2.58849
-9.92902 1.01129 -2.58364
-9.92905 1.0111 -2.6139
-9.92906 1.01098 -2.66424
-9.92906 1.01098 -2.72598
-9.92906 1.01098 -2.79408
-9.92906 1.01098 -2.86566
-9.92906 1.01098 -2.93902
-9.92906 1.01098 -3.01321
-9.9729 0.38616 -3.08766
-9.9729 0.38616 -3.16165
-9.97291 0.386035 -3.2358
-9.97293 0.385847 -3.30983
-9.97294 0.38566 -3.38357
-9.97295 0.385535 -3.45691
-9.97295 0.385535 -3.52976
-9.97295 0.385535 -3.60211
-9.97295 0.385535 -3.67393
-9.97295 0.385534 -3.74522
-9.97295 0.385534 -3.81598
-9.97747 -0.240806 -3.8862
-9.97747 -0.240806 -3.95688
-9.97747 -0.240931 -4.02686
-9.97748 -0.241119 -4.09621
-9.97748 -0.241307 -4.16498
-9.97748 -0.241432 -4.23315
-9.97748 -0.241432 -4.30071
-9.97748 -0.241432 -4.36768
-9.97748 -0.241432 -4.43408
-9.97748 -0.241433 -4.4999
-9.97748 -0.241433 -4.56515
-9.94267 -0.86682 -4.62983
-9.94267 -0.86682 -4.69499
-9.94266 -0.866945 -4.75939
-9.94265 -0.867132 -4.82311
-9.94264 -0.86732 -4.88621
-9.94263 -0.867445 -4.94867
-9.94263 -0.867445 -5.01053
-9.94263 -0.867445 -5.07178
-9.94263 -0.867445 -5.13243
-9.94263 -0.867446 -5.19249
-9.94263 -0.867446 -5.25195
-9.86861 -1.48941 -5.31083
-9.86861 -1.48941 -5.3702
-9.8686 -1.48954 -5.42876
-9.86858 -1.48972 -5.48659
-9.86856 -1.48991 -5.54374
-9.86854 -1.49004 -5.60025
-9.86854 -1.49004 -5.65614
-9.86854 -1.49004 -5.71142
-9.86854 -1.49004 -5.76609
-9.86854 -1.49004 -5.82014
-9.86854 -1.49004 -5.87359
-9.75562 -2.10613 -5.92642
-9.75562 -2.10613 -5.97977
-9.7556 -2.10625 -6.03226
-9.75556 -2.10644 -6.08397
-9.75553 -2.10662 -6.13497
-9.75551 -2.10675 -6.18531
-9.75551 -2.10675 -6.23503
-9.75551 -2.10675 -6.28413
-9.75551 -2.10675 -6.3326
-9.75551 -2.10675 -6.38045
-9.75551 -2.10675 -6.42766
-9.60413 -2.71454 -6.47425
-9.60413 -2.71454 -6.52137
-9.6041 -2.71466 -6.56759
-9.60405 -2.71484 -6.613
-9.60401 -2.71502 -6.65768
-9.60398 -2.71514 -6.70168
-9.60398 -2.71514 -6.74506
-9.60398 -2.71514 -6.7878
-9.60398 -2.71514 -6.8299
-9.60398 -2.71514 -6.87135
-9.60398 -2.71514 -6.91215
-9.41472 -3.31223 -6.95231
-9.41472 -3.31223 -6.99301
-9.41469 -3.31235 -7.03279
-9.41463 -3.31253 -7.07176
-9.41457 -3.31271 -7.10998
-9.41453 -3.31283 -7.1475
-9.41453 -3.31283 -7.18437
-9.41453 -3.31283 -7.22059
-9.41453 -3.31283 -7.25615
-9.41453 -3.31283 -7.29105
-9.41453 -3.31283 -7.32528
-9.18817 -3.89685 -7.35885
-9.18817 -3.89685 -7.39298
-9.18813 -3.89696 -7.42619
-9.18806 -3.89714 -7.45857
-9.18799 -3.89731 -7.49019
-9.18794 -3.89743 -7.5211
-9.18794 -3.89743 -7.55133
-9.18794 -3.89743 -7.58089
-9.18794 -3.89743 -7.60977
-9.18794 -3.89743 -7.63798
-9.18794 -3.89743 -7.66551
-8.92536 -4.46609 -7.69236
-8.92536 -4.46609 -7.71978
-8.9253 -4.4662 -7.74627
-8.92523 -4.46637 -7.77194
-8.92515 -4.46654 -7.79685
-8.92509 -4.46666 -7.82103
-8.92509 -4.46666 -7.8445
-8.92509 -4.46666 -7.86728
-8.92509 -4.46666 -7.88936
-8.92509 -4.46666 -7.91076
-8.92509 -4.46666 -7.93147
-8.62732 -5.0177 -7.9515
-8.62732 -5.0177 -7.9721
-8.62726 -5.01782 -7.99178
-8.62717 -5.01798 -8.01063
-8.62708 -5.01815 -8.02871
-8.62702 -5.01826 -8.04605
-8.62702 -5.01826 -8.06267
-8.62702 -5.01826 -8.07859
-8.62702 -5.01826 -8.09379
-8.62702 -5.01826 -8.1083
-8.62702 -5.01826 -8.12212
-8.29523 -5.54951 -8.13523
-8.29523 -5.54951 -8.14894
-8.29516 -5.54962 -8.16171
-8.29506 -5.54978 -8.17366
-8.29496 -5.54994 -8.18484
-8.2949 -5.55005 -8.19527
-8.2949 -5.55005 -8.20497
-8.2949 -5.55005 -8.21395
-8.2949 -5.55005 -8.22222
-8.2949 -5.55005 -8.22979
-8.2949 -5.55005 -8.23665
-7.9304 -6.05943 -8.24281
-7.9304 -6.05943 -8.24956
-7.93033 -6.05953 -8.25538
-7.93022 -6.05968 -8.26038
-7.93011 -6.05983 -8.2646
-7.93004 -6.05994 -8.26808
-7.93004 -6.05994 -8.27081
-7.93004 -6.05994 -8.27282
-7.93004 -6.05994 -8.27411
-7.93004 -6.05994 -8.2747
-7.93004 -6.05994 -8.27458
-7.53428 -6.54542 -8.27376
-7.53428 -6.54542 -8.27353
-7.5342 -6.54552 -8.27237
-7.53408 -6.54567 -8.27039
-7.53396 -6.54581 -8.26764
-7.53388 -6.54591 -8.26413
-7.53388 -6.54591 -8.25988
-7.53388 -6.54591 -8.25491
-7.53388 -6.54591 -8.24922
-7.53388 -6.54591 -8.24283
-7.53388 -6.54591 -8.23573
-7.10842 -7.00559 -8.22793
-7.10842 -7.00559 -8.22072
-7.10834 -7.00568 -8.21259
-7.10821 -7.00582 -8.20364
-7.10808 -7.00596 -8.19392
-7.108 -7.00605 -8.18345
-7.108 -7.00605 -8.17224
-7.108 -7.00605 -8.16031
-7.10799 -7.00605 -8.14766
-7.10799 -7.00605 -8.13431
-7.10799 -7.00605 -8.12026
-6.65451 -7.43811 -8.10551
-6.65451 -7.43811 -8.09135
-6.65442 -7.43819 -8.07627
-6.65428 -7.43832 -8.06037
-6.65415 -7.43845 -8.0437
-6.65406 -7.43854 -4.34466
-6.65406 -7.43854 -2.19788
-6.65406 -7.43854 -0.948303
-6.65406 -7.43854 -0.217169
-6.65406 -7.43854 0.214498
-6.65406 -7.43854 0.473312
-6.17433 -7.84127 0.632478
-6.17433 -7.84127 0.906593
-6.17424 -7.84135 1.07493
-6.17409 -7.84147 1.18239
-6.17395 -7.84159 1.25496
-6.17385 -7.84167 1.30761
-6.17385 -7.84167 1.34902
-6.17385 -7.84167 1.38421
-6.17385 -7.84167 1.4161
-6.17385 -7.84167 1.44635
-6.17385 -7.84167 1.47595
-5.6698 -8.21349 -0.64755
-5.6698 -8.21349 -1.86254
-5.66969 -8.21356 -2.55237
-5.66954 -8.21367 -2.9383
-5.66939 -8.21378 -3.14825
-5.66929 -8.21386 -3.25615
-5.66929 -8.21386 -3.30472
-5.66929 -8.21386 -3.31872
-5.66929 -8.21386 -3.31244
-5.66929 -8.21386 -3.29417
-5.66929 -8.21386 -3.26867
-5.14288 -8.55329 -3.23873
-5.14288 -8.55329 -3.2137
-5.14277 -8.55336 -3.18378
-5.14262 -8.55346 -3.15076
-5.14246 -8.55356 -3.11568
-5.14235 -8.55363 -3.07911
-5.14235 -8.55363 -3.04137
-5.14235 -8.55363 -3.00268
-5.14235 -8.55363 -2.96317
-5.14235 -8.55363 -2.9229
-5.14235 -8.55363 -2.88193
-4.59566 -8.85933 -2.84028
-4.59566 -8.85933 -2.79921
-4.59555 -8.8594 -2.75727
-4.59539 -8.85949 -2.71457
-4.59523 -8.85958 -2.67115
-4.59512 -8.85964 -2.62704
-4.59512 -8.85964 -2.58222
-4.59512 -8.85964 -2.53672
-4.59512 -8.85964 -2.49057
-4.59512 -8.85964 -2.44377
-4.59512 -8.85964 -2.39633
-4.03032 -9.13041 -2.34825
-4.03032 -9.13041 -2.30072
-4.0302 -9.13047 -2.25236
-4.03003 -9.13055 -2.20328
-4.02986 -9.13063 -2.15352
-4.02975 -9.13068 -2.10309
-4.02975 -9.13068 -2.05197
-4.02975 -9.13068 -2.0002
-4.02975 -9.13068 -1.94779
-4.02975 -9.13068 -1.89475
-4.02975 -9.13068 -1.8411
-3.44906 -9.36547 -1.78683
-3.44906 -9.36547 -1.73308
-3.44894 -9.36551 -1.67852
-3.44877 -9.36558 -1.62326
-3.44859 -9.36565 -1.56733
-3.44848 -9.3657 -1.51075
-3.44848 -9.3657 -1.45352
-3.44848 -9.3657 -1.39567
-3.44848 -9.3657 -1.33721
-3.44848 -9.3657 -1.27814
-3.44848 -9.3657 -1.21848
-2.85419 -9.56355 -1.15822
-2.85419 -9.56355 -1.09847
-2.85407 -9.56359 -1.03792
-2.85389 -9.56365 -0.976675
-2.85371 -9.56371 -0.914775
-2.8536 -9.56375 -0.852251
-2.8536 -9.56375 -0.789122
-2.85359 -9.56375 -0.725402
-2.85359 -9.56375 -0.661103
-2.85359 -9.56375 -0.596229
-2.85359 -9.56375 -0.530789
-2.24805 -9.72389 -0.464781
-2.24805 -9.72389 -0.399252
-2.24793 -9.72393 -0.332946
-2.24775 -9.72397 -0.265946
-2.24757 -9.72402 -0.198309
-2.24745 -9.72406 -0.130079
-2.24745 -9.72406 -0.0612955
-2.24745 -9.72406 0.00803806
-2.24745 -9.72406 0.0779149
-2.24745 -9.72406 0.148335
-2.24745 -9.72406 0.219295
-1.63305 -9.84587 -3.39085
-1.63305 -9.84587 -5.44844
-1.63293 -9.84589 -6.60736
-1.63274 -9.84593 -7.24648
-1.63256 -9.84596 -7.58489
-1.63243 -9.84599 -7.74921
-1.63243 -9.84599 -7.81264
-1.63243 -9.84599 -7.81753
-1.63243 -9.84599 -7.78834
-1.63243 -9.84599 -7.73925
-1.63243 -9.84599 -7.67843
-1.0116 -9.92898 -7.61062
-1.0116 -9.92898 -7.5507
-1.01148 -9.929 -7.48322
-1.01129 -9.92902 -7.41117
-1.0111 -9.92905 -7.33626
-1.01098 -9.92906 -7.25948
-1.01098 -9.92906 -7.1814
-1.01098 -9.92906 -7.10236
-1.01098 -9.92906 -9.17558
-1.01098 -9.92906 -4.05678
-1.01098 -9.92906 -4.69549
-0.38616 -9.9729 -5.03009
-0.38616 -9.9729 -5.71471
-0.386035 -9.97291 -6.07561
-0.385847 -9.97293 -6.24915
-0.38566 -9.97294 -6.31417
-0.385535 -9.97295 -6.31626
-0.385535 -9.97295 -6.2818
-0.385535 -9.97295 -6.22601
-0.385535 -9.97295 -6.1577
-0.385534 -9.97295 -6.08197
-0.385534 -9.97295 -6.00175
0.240806 -9.97747 -5.91876
0.240806 -9.97747 -5.83883
0.240931 -9.97747 -5.75579
0.241119 -9.97748 -5.67076
0.241307 -9.97748 -5.58439
0.241432 -9.97748 -5.49709
0.241432 -9.97748 -5.4091
0.241432 -9.97748 -5.32054
0.241432 -9.97748 -5.23147
0.241433 -9.97748 -5.14193
0.241433 -9.97748 -5.05196
0.86682 -9.94267 -4.96156
0.86682 -9.94267 -4.87152
0.866945 -9.94266 -4.78089
0.867132 -9.94265 -4.68972
0.86732 -9.94264 -4.59808
0.867445 -9.94263 -4.50602
0.867445 -9.94263 -4.41359
0.867445 -9.94263 -4.32078
0.867445 -9.94263 -4.2276
0.867446 -9.94263 -4.13404
0.867446 -9.94263 -4.0401
1.48941 -9.86861 -3.94579
1.48941 -9.86861 -3.85179
1.48954 -9.8686 -3.75729
1.48972 -9.86858 -3.66233
1.48991 -9.86856 -3.56698
1.49004 -9.86854 -3.47125
1.49004 -9.86854 -3.37516
1.49004 -9.86854 -3.27871
1.49004 -9.86854 -3.18191
1.49004 -9.86854 -3.08476
1.49004 -9.86854 -2.98728
2.10613 -9.75562 -2.88947
2.10613 -9.75562 -2.79194
2.10625 -9.7556 -2.69398
2.10644 -9.75556 -2.59565
2.10662 -9.75553 -2.49699
2.10675 -9.75551 -2.39798
2.10675 -9.75551 -2.29861
2.10675 -9.75551 -2.19891
2.10675 -9.75551 -2.09889
2.10675 -9.75551 -1.99856
2.10675 -9.75551 -1.89792
2.71454 -9.60413 -1.79698
2.71454 -9.60413 -1.6963
2.71466 -9.6041 -1.59526
2.71484 -9.60405 -1.4939
2.71502 -9.60401 -1.39224
2.71514 -9.60398 -1.29027
2.71514 -9.60398 -1.18798
2.71514 -9.60398 -1.0854
2.71514 -9.60398 -0.982533
2.71514 -9.60398 -0.879392
2.71514 -9.60398 -0.775988
3.31223 -9.41472 -0.672326
3.31223 -9.41472 -0.568885
3.31235 -9.41469 -0.465109
3.31253 -9.41463 -0.361042
3.31271 -9.41457 -0.256697
3.31283 -9.41453 -0.152089
3.31283 -9.41453 -0.0472341
3.31283 -9.41453 0.0578592
3.31283 -9.41453 -1.98983
3.31283 -9.41453 -3.12909
3.31283 -9.41453 -3.74304
3.89685 -9.18817 -4.05318
3.89685 -9.18817 -4.71307
3.89696 -9.18813 -5.04965
3.89714 -9.18806 -5.1992
3.89731 -9.18799 -5.24053
3.89743 -9.18794 -5.21923
3.89743 -9.18794 -5.16167
3.89743 -9.18794 -5.08307
3.89743 -9.18794 -4.99224
3.89743 -9.18794 -4.89426
3.89743 -9.18794 -2.63906
4.46609 -8.92536 -1.28956
4.46609 -8.92536 -0.467981
4.4662 -8.9253 0.0526958
4.46637 -8.92523 0.399485
4.46654 -8.92515 0.64582
4.46666 -8.92509 0.834134
4.46666 -8.92509 0.988937
4.46666 -8.92509 1.12443
4.46666 -8.92509 1.24881
4.46666 -8.92509 1.36682
4.46666 -8.92509 1.4812
5.0177 -8.62732 1.59354
5.0177 -8.62732 1.70827
5.01782 -8.62726 1.82089
5.01798 -8.62717 1.93236
5.01815 -8.62708 2.04321
5.01826 -8.62702 2.15371
5.01826 -8.62702 2.26404
5.01826 -8.62702 2.3743
5.01826 -8.62702 2.48456
5.01826 -8.62702 2.59486
5.01826 -8.62702 2.70521
5.54951 -8.29523 2.81564
5.54951 -8.29523 2.92601
5.54962 -8.29516 3.03648
5.54978 -8.29506 -3.13615
5.54994 -8.29496 -3.02552
5.55005 -8.2949 -2.91483
5.55005 -8.2949 -2.80408
5.55005 -8.2949 -2.69327
5.55005 -8.2949 -2.5824
5.55005 -8.2949 -2.47148
5.55005 -8.2949 -2.36052
6.05943 -7.9304 -2.24952
6.05943 -7.9304 -2.13856
6.05953 -7.93033 -2.02757
6.05968 -7.93022 -1.91658
6.05983 -7.93011 -1.80557
6.05994 -7.93004 -1.69454
6.05994 -7.93004 -1.58345
6.05994 -7.93004 -1.47232
6.05994 -7.93004 -1.36117
6.05994 -7.93004 -1.25001
6.05994 -7.93004 -1.13884
6.54542 -7.53428 -1.02767
6.54542 -7.53428 -0.91651
6.54552 -7.5342 -0.805384
6.54567 -7.53408 -0.694296
6.54581 -7.53396 -0.58324
6.54591 -7.53388 -0.472192
6.54591 -7.53388 -0.361143
6.54591 -7.53388 -0.250107
6.54591 -7.53388 -0.139093
6.54591 -7.53388 -0.0281125
6.54591 -7.53388 0.0828266
7.00559 -7.10842 0.193722
7.00559 -7.10842 0.304654
7.00568 -7.10834 0.41552
7.00582 -7.10821 0.526337
7.00596 -7.10808 0.637099
7.00605 -7.108 0.747798
7.00605 -7.108 0.858416
7.00605 -7.108 0.968952
7.00605 -7.10799 1.07941
7.00605 -7.10799 1.18977
7.00605 -7.10799 1.30005
7.43811 -6.65451 -0.742765
7.43811 -6.65451 -1.87732
7.43819 -6.65442 -6.16857
7.43832 -6.65428 -8.60334
7.43845 -6.65415 -3.6816
7.43854 -6.65406 -4.42248
7.43854 -6.65406 -4.80464
7.43854 -6.65406 -4.97945
7.43854 -6.65406 -5.03443
7.43854 -6.65406 -5.02018
7.43854 -6.65406 -4.96596
7.84127 -6.17433 -4.88869
7.84127 -6.17433 -4.838
7.84135 -6.17424 -4.7628
7.84147 -6.17409 -4.67348
7.84159 -6.17395 -4.57605
7.84167 -6.17385 -4.47401
7.84167 -6.17385 -4.36942
7.84167 -6.17385 -4.26342
7.84167 -6.17385 -4.15668
7.84167 -6.17385 -4.04958
7.84167 -6.17385 -3.94234
8.21349 -5.6698 -3.83511
8.21349 -5.6698 -3.72793
8.21356 -5.66969 -3.62078
8.21367 -5.66954 -3.51371
8.21378 -5.66939 -3.40678
8.21386 -5.66929 -3.30002
8.21386 -5.66929 -3.19348
8.21386 -5.66929 -3.08714
8.21386 -5.66929 -2.98102
8.21386 -5.66929 -2.87511
8.21386 -5.66929 -2.76941
8.55329 -5.14288 -2.66393
8.55329 -5.14288 -2.55827
8.55336 -5.14277 -2.45292
8.55346 -5.14262 -2.34785
8.55356 -5.14246 -2.24305
8.55363 -5.14235 -2.1385
8.55363 -5.14235 -2.03419
8.55363 -5.14235 -1.93012
8.55363 -5.14235 -1.8263
8.55363 -5.14235 -1.72272
8.55363 -5.14235 -1.6194
8.85933 -4.59566 -1.51635
8.85933 -4.59566 -1.41307
8.8594 -4.59555 -1.31019
8.85949 -4.59539 -1.20766
8.85958 -4.59523 -1.10546
8.85964 -4.59512 -1.00355
8.85964 -4.59512 -0.901896
8.85964 -4.59512 -0.800506
8.85964 -4.59512 -0.699398
8.85964 -4.59512 -0.598576
8.85964 -4.59512 -0.498044
9.13041 -4.03032 -0.397809
9.13041 -4.03032 -0.297327
9.13047 -4.0302 -0.197278
9.13055 -4.03003 -0.097625
9.13063 -4.02986 0.00166905
9.13068 -4.02975 0.100636
9.13068 -4.02975 0.199295
9.13068 -4.02975 0.297639
9.13068 -4.02975 0.395661
9.13068 -4.02975 0.493352
9.13068 -4.02975 0.59071
9.36547 -3.44906 0.68773
9.36547 -3.44906 0.785033
9.36551 -3.44894 0.881878
9.36558 -3.44877 0.978317
9.36565 -3.44859 1.07438
9.3657 -3.44848 1.17007
9.3657 -3.44848 1.26537
9.3657 -3.44848 1.3603
9.3657 -3.44848 1.45485
9.3657 -3.44848 1.54903
9.3657 -3.44848 1.64283
9.56355 -2.85419 1.73625
9.56355 -2.85419 1.82999
9.56359 -2.85407 1.92325
9.56365 -2.85389 2.01608
9.56371 -2.85371 2.1085
9.56375 -2.8536 2.2005
9.56375 -2.8536 2.29206
9.56375 -2.85359 2.38319
9.56375 -2.85359 2.47389
9.56375 -2.85359 2.56418
9.56375 -2.85359 2.65406
9.72389 -2.24805 2.74351
9.72389 -2.24805 2.83332
9.72393 -2.24793 2.92259
9.72397 -2.24775 3.01139
9.72402 -2.24757 3.09973
9.72406 -2.24745 -3.09558
9.72406 -2.24745 -3.00817
9.72406 -2.24745 -2.92124
9.72406 -2.24745 -2.83475
9.72406 -2.24745 -2.74872
9.72406 -2.24745 -2.66313
9.84587 -1.63305 -2.578
9.84587 -1.63305 -2.49248
9.84589 -1.63293 -2.40757
9.84593 -1.63274 -2.32321
9.84596 -1.63256 -2.23935
9.84599 -1.63243 -2.156
9.84599 -1.63243 -2.07313
9.84599 -1.63243 -1.99074
9.84599 -1.63243 -1.90883
9.84599 -1.63243 -1.82739
9.84599 -1.63243 -1.74644
9.92898 -1.0116 -1.66596
9.92898 -1.0116 -1.58508
9.929 -1.01148 -1.50488
9.92902 -1.01129 -1.42529
9.92905 -1.0111 -1.34626
9.92906 -1.01098 -1.26777
9.92906 -1.01098 -1.18976
9.92906 -1.01098 -1.11224
9.92906 -1.01098 -1.03523
9.92906 -1.01098 -0.958711
9.92906 -1.01098 -0.958711
