4.25473e-317 3.39917e-321 0
4.25473e-317 3.39917e-321 -0.0083547
4.25473e-317 3.39917e-321 -0.0135115
4.25473e-317 3.39917e-321 -0.0163277
4.25473e-317 3.39917e-321 -0.0176844
4.25473e-317 3.39917e-321 -0.0181718
4.25473e-317 3.39917e-321 -0.0181541
4.25473e-317 3.39917e-321 -0.0178455
4.25473e-317 3.39917e-321 -0.0173745
4.25473e-317 3.39917e-321 -0.0168117
9.97944 0.625929 -0.0161958
9.97944 0.625929 -0.015641
9.97944 0.625929 -0.0150319
9.97944 0.625929 -0.0143929
9.97944 0.625929 -0.0137388
9.97944 0.625929 -0.0130781
9.97944 0.625929 -0.0124157
9.97944 0.625929 -0.0117523
9.97944 0.625929 -0.0110943
9.97944 0.625929 -0.0104393
9.97944 0.625929 -0.00979189
9.94339 1.01361 -0.00915319
9.94339 1.01361 -0.00850762
9.94338 1.01369 -0.00789065
9.94337 1.0138 -0.00730049
9.94336 1.01392 -0.00673166
9.94335 1.014 -0.00616482
9.94335 1.014 -0.00558434
9.94335 1.014 -0.00499818
9.94335 1.014 -0.00441089
9.94335 1.014 -0.00382293
9.94335 1.014 -0.00323458
9.86809 1.54491 -0.00265183
9.86809 1.54491 -0.00206688
9.86807 1.54502 -0.00151508
9.86805 1.54517 -0.0010027
9.86803 1.54533 -0.000515237
9.86801 1.54544 -2.76952e-05
9.86801 1.54544 0.000482977
9.86801 1.54544 0.0010048
9.86801 1.54544 0.00153093
9.86801 1.54544 0.00205956
9.86801 1.54544 0.00258596
9.75576 2.12753 0.00310893
9.75576 2.12753 0.00363428
9.75574 2.12765 0.00411823
9.75571 2.12782 0.00456203
9.75567 2.12799 0.00498049
9.75565 2.12811 0.00539474
9.75565 2.12811 0.00583908
9.75565 2.12811 0.00629491
9.75565 2.12811 0.00675522
9.75565 2.12811 0.00721815
9.75565 2.12811 0.00767893
9.60209 2.72215 0.00813846
9.60209 2.72215 0.00859943
9.60206 2.72227 0.00902041
9.60201 2.72244 0.00939751
9.60196 2.72262 0.0097471
9.60193 2.72274 0.0100943
9.60193 2.72274 0.0104722
9.60193 2.72274 0.0108678
9.60193 2.72274 0.0112736
9.60193 2.72274 0.0116796
9.60193 2.72274 0.0120819
9.4135 3.31564 0.0124778
9.4135 3.31564 0.012878
9.41346 3.31576 0.0132396
9.4134 3.31594 0.0135554
9.41335 3.31611 0.0138426
9.41331 3.31623 0.014131
9.41331 3.31623 0.0144494
9.41331 3.31623 0.0147851
9.41331 3.31623 0.015125
9.41331 3.31623 0.0154673
9.41331 3.31623 0.0158068
9.18822 3.8978 0.0161409
9.18822 3.8978 0.0164784
9.18818 3.89792 0.0167756
9.18811 3.89809 0.0170258
9.18804 3.89827 0.0172489
9.188 3.89838 0.0174683
9.188 3.89838 0.0177213
9.188 3.89838 0.0179879
9.188 3.89838 0.0182602
9.188 3.89838 0.01853
9.188 3.89838 0.0187983
8.92583 4.46531 0.0190599
8.92583 4.46531 0.0193249
8.92578 4.46542 0.0195485
8.9257 4.46559 0.0197301
8.92562 4.46576 0.0198816
8.92557 4.46588 0.0200338
8.92557 4.46588 0.0202166
8.92557 4.46588 0.020415
8.92557 4.46588 0.0206186
8.92557 4.46588 0.0208232
8.92557 4.46588 0.0210225
8.62754 5.01662 0.0212187
8.62754 5.01662 0.0214185
8.62748 5.01673 0.0215727
8.62739 5.0169 0.0216846
8.6273 5.01706 0.0217699
8.62724 5.01717 0.0218522
8.62724 5.01717 0.0219654
8.62724 5.01717 0.0220944
8.62724 5.01717 0.0222303
8.62724 5.01717 0.0223665
8.62724 5.01717 0.0225008
8.29423 5.5493 0.0226302
8.29423 5.5493 0.0227626
8.29416 5.5494 0.0228543
8.29406 5.54956 0.0228986
8.29396 5.54972 0.0229095
8.29389 5.54983 0.0229195
8.29389 5.54983 0.0229597
8.29389 5.54983 0.023015
8.29389 5.54983 0.0230776
8.29389 5.54983 0.0231423
8.29389 5.54983 0.0232045
7.93009 6.05922 0.0232632
7.93009 6.05922 0.0233244
7.93002 6.05932 0.0448724
7.92991 6.05947 0.0572932
7.9298 6.05963 0.064431
7.92973 6.05973 0.0685288
7.92973 6.05973 0.0709053
7.92973 6.05973 0.0722845
7.92973 6.05973 0.0730834
7.92973 6.05973 0.0735409
7.92973 6.05973 0.0738011
7.53428 6.54477 0.073945
7.53428 6.54477 0.0742212
7.5342 6.54487 0.0743343
7.53408 6.54501 0.0743314
7.53396 6.54516 0.0742593
7.53388 6.54525 0.0741594
7.53388 6.54525 0.0740798
7.53388 6.54525 0.0740082
7.53388 6.54525 0.0739413
7.53388 6.54525 0.0738712
7.53388 6.54525 0.0737971
7.10837 7.00479 0.0737171
7.10837 7.00479 0.0736412
7.10829 7.00488 0.0735219
7.10816 7.00502 0.0733579
7.10803 7.00516 0.073166
7.10795 7.00525 0.0729701
7.10795 7.00525 0.0728079
7.10795 7.00525 0.0726595
7.10795 7.00525 0.0725173
7.10795 7.00525 0.0723767
7.10795 7.00525 0.0722312
6.65438 7.43724 0.0720829
6.65438 7.43724 0.0719378
6.65429 7.43732 0.0717481
6.65415 7.43745 0.0715091
6.65402 7.43758 0.0712437
6.65393 7.43767 0.0709787
6.65393 7.43767 0.0707438
6.65393 7.43767 0.0705246
6.65393 7.43767 0.0703125
6.65393 7.43767 0.0701007
6.65393 7.43767 0.069887
6.1739 7.84108 0.0696664
6.1739 7.84108 0.0694495
6.1738 7.84116 0.0691919
6.17365 7.84128 0.0688873
6.17351 7.8414 0.0685519
6.17341 7.84148 0.0682141
6.17341 7.84148 0.0679064
6.17341 7.84148 0.067616
6.17341 7.84148 0.0673298
6.17341 7.84148 0.0670461
6.17341 7.84148 0.0667601
5.6698 8.21244 0.0664669
5.6698 8.21244 0.0661777
5.6697 8.21251 0.0658484
5.66955 8.21262 0.0654751
5.6694 8.21273 0.0650727
5.6693 8.21281 0.0646685
5.6693 8.21281 0.0642916
5.6693 8.21281 0.0639327
5.6693 8.21281 0.0635783
5.6693 8.21281 0.0632266
5.6693 8.21281 0.0628728
5.14281 8.55346 0.0625118
5.14281 8.55346 0.0621548
5.14271 8.55353 0.0617585
5.14255 8.55363 0.0613191
5.14239 8.55374 0.0608547
5.14229 8.5538 0.060389
5.14229 8.5538 0.059954
5.14229 8.5538 0.0595307
5.14229 8.5538 0.0591106
5.14229 8.5538 0.0586923
5.14229 8.5538 0.0582714
4.59563 8.86023 0.0578468
4.59563 8.86023 0.0574249
4.59552 8.86029 0.0569636
4.59536 8.86038 0.0564597
4.59519 8.86047 0.0559312
4.59508 8.86054 0.0554046
4.59508 8.86054 0.0549058
4.59508 8.86054 0.0544171
4.59508 8.86054 0.0539343
4.59508 8.86054 0.0534549
4.59508 8.86054 0.0529759
4.03223 9.13071 0.0524951
4.03223 9.13071 0.0520149
4.03211 9.13077 0.0514985
4.03194 9.13085 0.0509457
4.03178 9.13093 0.050366
4.03166 9.13098 0.0497864
4.03166 9.13098 0.0492342
4.03166 9.13098 0.0486919
4.03166 9.13098 0.0481575
4.03166 9.13098 0.0476241
4.03166 9.13098 0.047089
3.4495 9.3658 0.0465472
3.4495 9.3658 0.0460089
3.44938 9.36585 0.0454338
3.44921 9.36592 0.0448204
3.44903 9.36599 0.0441811
3.44892 9.36604 0.0435419
3.44892 9.36604 0.0429288
3.44892 9.36604 0.0423307
3.44891 9.36604 0.0417356
3.44891 9.36604 0.0411406
3.44891 9.36604 0.0405436
2.8542 9.56324 0.0399417
2.8542 9.56324 0.0393427
2.85408 9.56328 0.0387114
2.8539 9.56334 0.0380436
2.85372 9.5634 0.0373489
2.8536 9.56344 0.036655
2.8536 9.56344 0.0359839
2.8536 9.56344 0.0353259
2.8536 9.56344 0.034674
2.8536 9.56344 0.0340198
2.8536 9.56344 0.0333622
2.24867 9.72462 0.032701
2.24867 9.72462 0.0320428
2.24855 9.72466 0.0528825
2.24837 9.7247 0.064604
2.24818 9.72475 0.0710553
2.24806 9.72478 0.0744694
2.24806 9.72478 0.076155
2.24806 9.72478 0.0768354
2.24806 9.72478 0.0769346
2.24806 9.72478 0.0766941
2.24806 9.72478 0.0762536
1.63353 9.84704 0.0756973
1.63353 9.84704 0.0752743
1.6334 9.84707 0.0746962
1.63322 9.8471 0.0740176
1.63303 9.84714 0.0732772
1.63291 9.84716 0.072512
1.63291 9.84716 0.071757
1.63291 9.84716 0.0710057
1.63291 9.84716 0.0702551
1.63291 9.84716 0.0695012
1.63291 9.84716 0.0687432
1.01267 9.92928 0.0679792
1.01267 9.92928 0.0672195
1.01254 9.9293 0.0664303
1.01236 9.92932 0.0656083
1.01217 9.92935 0.0647616
1.01205 9.92936 0.0639148
1.01205 9.92936 0.063092
1.01205 9.92936 0.0622795
1.01205 9.92936 0.0614692
1.01205 9.92936 0.0606603
1.01205 9.92936 0.0598484
0.38668 9.97251 0.059037
0.38668 9.97251 0.0582266
0.386555 9.97252 0.057388
0.386367 9.97253 0.0565183
0.386179 9.97255 0.0556307
0.386054 9.97255 0.0547402
0.386054 9.97255 0.05387
0.386054 9.97255 0.0530096
0.386054 9.97255 0.0521532
0.386054 9.97255 0.0512954
0.386054 9.97255 0.050437
-0.24016 9.97767 0.0495744
-0.24016 9.97767 0.0487138
-0.240286 9.97767 0.0478262
-0.240473 9.97767 0.0469167
-0.240661 9.97767 0.0459929
-0.240787 9.97767 0.0450652
-0.240787 9.97767 0.0441573
-0.240787 9.97767 0.0432551
-0.240787 9.97767 0.0423583
-0.240787 9.97767 0.0414588
-0.240787 9.97767 0.0405577
-0.866864 9.94218 0.0396543
-0.866864 9.94218 0.0387525
-0.866989 9.94218 0.0378308
-0.867177 9.94217 0.0368887
-0.867364 9.94216 0.0359333
-0.86749 9.94215 0.0349734
-0.86749 9.94215 0.0340285
-0.86749 9.94215 0.0330907
-0.86749 9.94215 0.0321572
-0.86749 9.94215 0.0312223
-0.86749 9.94215 0.0302845
-1.49021 9.86827 0.0293436
-1.49021 9.86827 0.0284052
-1.49033 9.86825 0.0274484
-1.49052 9.86823 0.0264718
-1.49071 9.86821 0.0254816
-1.49083 9.8682 0.0244875
-1.49083 9.8682 0.0235088
-1.49083 9.8682 0.0225353
-1.49083 9.8682 0.0215647
-1.49083 9.8682 0.0205922
-1.49083 9.8682 0.0196208
-2.10546 9.75509 0.0186441
-2.10546 9.75509 0.0176692
-2.10558 9.75507 0.0166776
-2.10577 9.75504 0.0156663
-2.10595 9.755 0.0146436
-2.10607 9.75498 0.035153
-2.10607 9.75498 0.0465907
-2.10607 9.75498 0.0527835
-2.10607 9.75498 0.0559422
-2.10607 9.75498 0.0573468
-2.10607 9.75498 0.0577334
-2.71463 9.60448 0.0360014
-2.71463 9.60448 0.024029
-2.71475 9.60445 0.0166667
-2.71494 9.60441 0.0119667
-2.71512 9.60436 0.00880422
-2.71524 9.60433 0.00653234
-2.71524 9.60433 0.00478229
-2.71524 9.60433 0.00333827
-2.71524 9.60433 0.00206904
-2.71524 9.60433 0.000897184
-2.71524 9.60433 -0.000216208
-3.31305 9.41501 -0.0012958
-3.31305 9.41501 -0.00241431
-3.31317 9.41498 -0.00350259
-3.31335 9.41492 -0.00458099
-3.31353 9.41486 -0.00565731
-3.31365 9.41483 -0.00672848
-3.31365 9.41482 -0.0077889
-3.31365 9.41482 -0.00884462
-3.31365 9.41482 -0.0098976
-3.31365 9.41482 -0.0109527
-3.31365 9.41482 -0.012009
-3.8962 9.18764 -0.0130639
-3.8962 9.18764 -0.0141188
-3.89632 9.18759 -0.0151817
-3.89649 9.18753 -0.0162516
-3.89667 9.18746 -0.0173293
-3.89679 9.18741 -0.0184068
-3.89679 9.18741 -0.019485
-3.89679 9.18741 -0.0205592
-3.89679 9.18741 -0.0216311
-3.89679 9.18741 -0.0227055
-3.89679 9.18741 -0.0237812
-4.4664 8.92586 -0.0248576
-4.4664 8.92586 -0.0259332
-4.46651 8.92581 -0.0270159
-4.46668 8.92573 -0.0281017
-4.46686 8.92566 -0.0291894
-4.46697 8.9256 -0.0302783
-4.46697 8.9256 -0.0313656
-4.46697 8.9256 -0.0324533
-4.46697 8.9256 -0.0335398
-4.46697 8.9256 -0.034625
-4.46697 8.9256 -0.0357131
-5.01734 8.62836 -0.0368028
-5.01734 8.62836 -0.0378907
-5.01745 8.6283 -0.03898
-5.01762 8.62822 -0.0400738
-5.01778 8.62813 -0.0411702
-5.01789 8.62807 -0.0422638
-5.01789 8.62807 -0.0433583
-5.01789 8.62807 -0.0444548
-5.01789 8.62807 -0.0455525
-5.01789 8.62807 -0.0466487
-5.01789 8.62807 -0.0477441
-5.54862 8.29644 -0.0488427
-5.54862 8.29644 -0.0499402
-5.54872 8.29638 -0.0510349
-5.54888 8.29628 -0.0521265
-5.54904 8.29618 -0.0532176
-5.54915 8.29611 -0.0543101
-5.54915 8.29611 -0.0554043
-5.54915 8.29611 -0.056503
-5.54915 8.29611 -0.0576044
-5.54915 8.29611 -0.0587074
-5.54915 8.29611 -0.0598091
-6.05994 7.93115 -0.0609137
-6.05994 7.93115 -0.0620176
-6.06004 7.93108 -0.0631179
-6.06019 7.93097 -0.064211
-6.06034 7.93086 -0.0653037
-6.06045 7.93078 -0.0663989
-6.06045 7.93078 -0.0459691
-6.06045 7.93078 -0.0346242
-6.06045 7.93078 -0.0285334
-6.06045 7.93078 -0.0254783
-6.06045 7.93078 -0.0241784
-6.54593 7.53415 -0.0238932
-6.54593 7.53415 -0.0224396
-6.54602 7.53407 -0.0220605
-6.54617 7.53395 -0.0222996
-6.54632 7.53383 -0.0228938
-6.54641 7.53375 0.0131199
-6.54641 7.53375 0.0334783
-6.54641 7.53375 0.0447817
-6.54641 7.53375 0.0508519
-6.54641 7.53375 0.0538942
-6.54641 7.53375 0.0551843
-7.00492 7.1081 0.0554635
-7.00492 7.1081 0.0569083
-7.00501 7.10801 0.057285
-7.00515 7.10788 0.0570472
-7.00528 7.10776 0.056454
-7.00538 7.10767 0.0556546
-7.00538 7.10767 0.0547241
-7.00538 7.10767 0.05372
-7.00538 7.10767 0.0526756
-7.00538 7.10767 0.0516099
-7.00538 7.10767 0.050532
-7.43771 6.65411 0.0494492
-7.43771 6.65411 0.0483736
-7.43779 6.65402 0.0472969
-7.43792 6.65389 0.0462238
-7.43805 6.65375 0.0451549
-7.43814 6.65366 0.0440843
-7.43814 6.65366 0.0430063
-7.43814 6.65366 0.041924
-7.43814 6.65366 0.0408414
-7.43814 6.65366 0.039755
-7.43814 6.65366 0.0386685
-7.84202 6.17509 0.0375819
-7.84202 6.17509 0.0364954
-7.84211 6.17499 0.0354219
-7.84223 6.17485 0.0343616
-7.84235 6.1747 0.0333111
-7.84243 6.17461 0.032257
-7.84243 6.17461 0.0311919
-7.84243 6.17461 0.0301227
-7.84243 6.17461 0.029051
-7.84243 6.17461 0.0279801
-7.84243 6.17461 0.0269097
-8.21327 5.67035 0.0258417
-8.21327 5.67035 0.0247724
-8.21334 5.67025 0.0237188
-8.21345 5.6701 0.0226832
-8.21357 5.66995 0.021658
-8.21364 5.66984 0.0206305
-8.21364 5.66984 0.01959
-8.21364 5.66984 0.01854
-8.21364 5.66984 0.0174886
-8.21364 5.66984 0.0164366
-8.21364 5.66984 0.0153863
-8.55257 5.14371 0.0143391
-8.55257 5.14371 0.0132899
-8.55264 5.1436 0.0122573
-8.55274 5.14345 0.0112468
-8.55284 5.14329 0.010249
-8.55291 5.14318 0.00925057
-8.55291 5.14318 0.00823764
-8.55291 5.14318 0.00721641
-8.55291 5.14318 0.00619254
-8.55291 5.14318 0.00516345
-8.55291 5.14318 0.00413717
-8.85895 4.59728 0.00311098
-8.85895 4.59728 0.00208356
-8.85902 4.59717 0.00107519
-8.85911 4.597 8.92158e-05
-8.8592 4.59684 -0.000881646
-8.85926 4.59673 -0.00184932
-8.85926 4.59673 -0.00283521
-8.85926 4.59673 -0.00383156
-8.85926 4.59673 -0.00483028
-8.85926 4.59673 -0.00582976
-8.85926 4.59673 -0.00682969
-9.13053 4.03137 -0.00782772
-9.13053 4.03137 -0.00882636
-9.13059 4.03125 -0.00980284
-9.13067 4.03108 -0.0107503
-9.13075 4.03091 -0.011681
-9.13081 4.0308 -0.0126101
-9.13081 4.0308 -0.0135609
-9.13081 4.0308 -0.0145203
-9.13081 4.0308 -0.0154847
-9.13081 4.0308 -0.0164478
-9.13081 4.0308 -0.0174122
-9.36569 3.44974 -0.0183789
-9.36569 3.44974 -0.0193441
-9.36573 3.44963 -0.0202825
-9.3658 3.44945 -0.0211918
-9.36587 3.44928 -0.000554204
-9.36592 3.44916 0.0110013
-9.36592 3.44916 0.0172833
-9.36592 3.44916 0.0205186
-9.36592 3.44916 0.0219924
-9.36592 3.44916 0.0224498
-9.36592 3.44916 0.0223217
-9.56363 2.85464 0.0218551
-9.56363 2.85464 0.0217783
-9.56367 2.85452 0.0213671
-9.56373 2.85435 0.0207742
-9.56379 2.85417 0.0200822
-9.56383 2.85405 0.0193232
-9.56383 2.85405 0.0185019
-9.56383 2.85405 0.0176469
-9.56383 2.85405 0.0167744
-9.56383 2.85405 0.0158941
-9.56383 2.85405 0.0150092
-9.72504 2.24814 0.0141238
-9.72504 2.24814 0.0132405
-9.72508 2.24802 0.0123815
-9.72512 2.24784 -0.00997507
-9.72517 2.24766 -0.02323
-9.7252 2.24753 -0.0312353
-9.7252 2.24753 -0.0362296
-9.7252 2.24753 -0.0394808
-9.7252 2.24753 -0.041722
-9.7252 2.24753 -0.0433793
-9.7252 2.24753 -0.0446968
-9.84546 1.63262 -0.0458142
-9.84546 1.63262 -0.0471594
-9.84548 1.6325 -0.0482599
-9.84552 1.63231 -0.0492047
-9.84555 1.63213 -0.0500574
-9.84558 1.632 -0.0140545
-9.84558 1.632 0.00641583
-9.84558 1.632 0.0179079
-9.84558 1.632 0.0242112
-9.84558 1.632 0.0275166
-9.84558 1.632 0.0290907
-9.92863 1.01094 0.0296676
-9.92863 1.01094 0.0313955
-9.92865 1.01081 0.0320916
-9.92867 1.01062 0.0322051
-9.9287 1.01044 0.0319839
-9.92871 1.01031 0.0315609
-9.92871 1.01031 0.0309933
-9.92871 1.01031 0.0303405
-9.92871 1.01031 0.0296444
-9.92871 1.01031 0.0289231
-9.92871 1.01031 0.0281931
-9.97382 0.385596 0.0274582
-9.97382 0.385596 0.026729
-9.97383 0.385471 0.0260262
-9.97384 0.385284 0.0253556
-9.97386 0.385097 0.0247094
-9.97387 0.384972 0.0240625
-9.97387 0.384971 0.0233857
-9.97387 0.384971 0.0226937
-9.97387 0.384971 0.0219952
-9.97387 0.384971 0.0212965
-9.97387 0.384971 0.0205999
-9.97772 -0.241298 0.0199045
-9.97772 -0.241298 0.0192077
-9.97772 -0.241424 0.0185455
-9.97772 -0.241611 0.0179229
-9.97772 -0.241799 0.0173249
-9.97772 -0.241925 0.0167276
-9.97772 -0.241925 0.0161019
-9.97772 -0.241925 0.0154656
-9.97772 -0.241925 0.0148232
-9.97772 -0.241925 0.0141795
-9.97772 -0.241925 0.0135349
-9.94178 -0.866958 0.0128935
-9.94178 -0.866958 0.0122511
-9.94178 -0.867083 0.0116455
-9.94176 -0.867271 0.0110795
-9.94175 -0.867458 0.0105421
-9.94175 -0.867583 0.0100051
-9.94175 -0.867584 0.00943817
-9.94175 -0.867584 0.00885619
-9.94175 -0.867584 0.00826917
-9.94175 -0.867584 0.00768138
-9.94175 -0.867584 0.0070968
-9.86726 -1.48913 0.00651624
-9.86726 -1.48913 0.00593263
-9.86725 -1.48926 0.00538818
-9.86723 -1.48944 0.00488304
-9.8672 -1.48963 0.00440644
-9.86719 -1.48975 0.00392963
-9.86719 -1.48975 0.00342517
-9.86719 -1.48975 0.00290693
-9.86719 -1.48975 0.00238074
-9.86719 -1.48975 0.00185575
-9.86719 -1.48975 0.00132993
-9.7553 -2.10552 0.000807296
-9.7553 -2.10552 0.00028367
-9.75528 -2.10564 -0.000199707
-9.75524 -2.10583 -0.000640572
-9.75521 -2.10601 -0.00105472
-9.75519 -2.10613 -0.00146842
-9.75519 -2.10613 -0.00191028
-9.75519 -2.10613 -0.00236835
-9.75519 -2.10613 -0.00282997
-9.75519 -2.10613 -0.0032958
-9.75519 -2.10613 -0.00375825
-9.60414 -2.71392 -0.0042166
-9.60414 -2.71392 -0.00467811
-9.60411 -2.71405 -0.00510081
-9.60406 -2.71423 -0.00548144
-9.60401 -2.71441 -0.00583193
-9.60398 -2.71453 -0.00618037
-9.60398 -2.71453 -0.00655902
-9.60398 -2.71453 -0.00695505
-9.60398 -2.71453 -0.0073553
-9.60398 -2.71453 -0.00775801
-9.60398 -2.71453 -0.00815847
-9.41423 -3.31166 -0.00855764
-9.41423 -3.31166 -0.00895831
-9.41419 -3.31178 -0.00931972
-9.41413 -3.31196 -0.00963849
-9.41407 -3.31214 -0.0099268
-9.41404 -3.31226 -0.0102117
-9.41404 -3.31226 -0.010528
-9.41404 -3.31226 -0.0108626
-9.41404 -3.31226 -0.0112055
-9.41404 -3.31226 -0.0115474
-9.41404 -3.31226 -0.0118887
-9.18919 -3.89514 -0.0122239
-9.18919 -3.89514 -0.0125619
-9.18914 -3.89526 -0.0128533
-9.18907 -3.89543 -0.0130977
-9.18901 -3.89561 -0.0133133
-9.18896 -3.89572 -0.0135282
-9.18896 -3.89572 -0.0137787
-9.18896 -3.89572 -0.0140437
-9.18896 -3.89572 -0.0143151
-9.18896 -3.89572 -0.0145865
-9.18896 -3.89572 -0.0148558
-8.92544 -4.46423 -0.0151238
-8.92544 -4.46423 -0.0153933
-8.92538 -4.46434 -0.0156191
-8.9253 -4.46451 -0.0158017
-8.92523 -4.46468 -0.0159534
-8.92517 -4.46479 -0.0161054
-8.92517 -4.4648 -0.0162882
-8.92517 -4.4648 -0.0164865
-8.92517 -4.4648 -0.0166901
-8.92517 -4.4648 -0.0168947
-8.92517 -4.4648 -0.017094
-8.62749 -5.01675 -0.0172923
-8.62749 -5.01675 -0.0174933
-8.62743 -5.01686 -0.017654
-8.62734 -5.01702 -0.0177673
-8.62725 -5.01719 -0.0178533
-8.62719 -5.0173 -0.0179359
-8.62719 -5.0173 -0.0180472
-8.62719 -5.0173 -0.018175
-8.62719 -5.0173 -0.0183123
-8.62719 -5.0173 -0.0184494
-8.62719 -5.0173 -0.0185842
-8.29562 -5.54873 -0.018714
-8.29562 -5.54873 -0.0188468
-8.29555 -5.54884 -0.018939
-8.29546 -5.549 -0.0189837
-8.29536 -5.54916 -0.0190009
-8.29529 -5.54927 -0.0190146
-8.29529 -5.54927 -0.0190569
-8.29529 -5.54927 -0.0191157
-8.29529 -5.54927 -0.0191818
-8.29529 -5.54927 -0.0192507
-8.29529 -5.54927 -0.0193153
-7.93022 -6.05986 -0.0193754
-7.93022 -6.05986 -0.0194391
-7.93015 -6.05997 -0.0194565
-7.93004 -6.06012 -0.0194289
-7.92993 -6.06027 -0.0193732
-7.92986 -6.06037 -0.0193157
-7.92986 -6.06037 -0.0192897
-7.92986 -6.06037 -0.0192799
-7.92986 -6.06037 -0.0192756
-7.92986 -6.06037 -0.0192725
-7.92986 -6.06037 -0.01927
-7.53474 -6.54565 -0.0192642
-7.53474 -6.54565 -0.0192595
-7.53466 -6.54574 -0.0192086
-7.53454 -6.54589 -0.019113
-7.53442 -6.54603 -0.0189879
-7.53434 -6.54613 -0.0188578
-7.53434 -6.54613 -0.0187608
-7.53434 -6.54613 -0.018677
-7.53434 -6.54613 -0.0186008
-7.53434 -6.54613 -0.0185254
-7.53434 -6.54613 -0.0184482
-7.1091 -7.00598 -0.0183664
-7.1091 -7.00598 -0.0182873
-7.10902 -7.00607 -0.0181667
-7.10889 -7.00621 -0.0180008
-7.10876 -7.00635 -0.017805
-7.10868 -7.00644 -0.0176075
-7.10868 -7.00644 -0.0174386
-7.10868 -7.00644 -0.0172862
-7.10868 -7.00644 -0.0171396
-7.10868 -7.00644 -0.0169965
-7.10868 -7.00644 -0.0168495
-6.65368 -7.43775 -0.0166982
-6.65368 -7.43775 -0.0165503
-6.65359 -7.43784 -0.016362
-6.65345 -7.43797 -0.0161307
-6.65331 -7.4381 -0.015871
-6.65322 -7.43818 -0.0156101
-6.65322 -7.43818 -0.0153776
-6.65322 -7.43818 -0.0151598
-6.65322 -7.43818 -0.0149485
-6.65322 -7.43818 -0.0147372
-6.65322 -7.43818 0.0222964
-6.1746 -7.84174 0.0438032
-6.1746 -7.84174 0.056327
-6.17451 -7.84182 0.0637037
-6.17436 -7.84194 0.0681242
-6.17422 -7.84206 0.0708377
-6.17412 -7.84214 0.0725482
-6.17412 -7.84214 0.0736497
-6.17412 -7.84214 0.074399
-6.17412 -7.84214 0.0749505
-6.17412 -7.84214 0.0538554
-6.17412 -7.84214 0.0417807
-5.66994 -8.2148 0.0349272
-5.66994 -8.2148 0.0220663
-5.66984 -8.21487 0.014792
-5.66969 -8.21498 0.0107683
-5.66954 -8.2151 0.00862601
-5.66944 -8.21517 0.00755616
-5.66944 -8.21517 0.00707642
-5.66944 -8.21517 0.00694007
-5.66944 -8.21517 0.00700809
-5.66944 -8.21517 0.00719424
-5.66944 -8.21517 0.00745238
-5.14215 -8.55453 0.00775427
-5.14215 -8.55453 0.00800735
-5.14205 -8.55459 0.00834483
-5.14189 -8.5547 0.00874743
-5.14173 -8.5548 0.00919136
-5.14162 -8.55487 0.00964653
-5.14162 -8.55487 0.0100777
-5.14162 -8.55487 0.0104987
-5.14162 -8.55487 0.0109138
-5.14162 -8.55487 0.0113292
-5.14162 -8.55487 0.0117485
-4.59597 -8.85996 0.012172
-4.59597 -8.85996 0.0125922
-4.59586 -8.86002 0.0130516
-4.5957 -8.86011 0.0135531
-4.59553 -8.86021 0.014079
-4.59543 -8.86027 0.0146069
-4.59543 -8.86027 0.0151065
-4.59543 -8.86027 0.0155935
-4.59543 -8.86027 0.0160731
-4.59543 -8.86027 0.0165507
-4.59543 -8.86027 0.0170307
-4.03077 -9.13097 0.0175122
-4.03077 -9.13097 0.017992
-4.03065 -9.13102 0.0185097
-4.03049 -9.1311 0.0190625
-4.03032 -9.13118 0.0196391
-4.0302 -9.13124 0.0202165
-4.0302 -9.13124 0.0207675
-4.0302 -9.13124 0.0213068
-4.0302 -9.13124 0.0218417
-4.0302 -9.13124 0.0223775
-4.0302 -9.13124 0.022914
-3.44864 -9.3655 0.0234523
-3.44864 -9.3655 0.0239896
-3.44852 -9.36555 0.0245636
-3.44835 -9.36562 0.0251757
-3.44817 -9.36569 0.0258113
-3.44806 -9.36573 0.026448
-3.44806 -9.36573 0.0270597
-3.44806 -9.36573 0.0276568
-3.44806 -9.36573 0.0282515
-3.44805 -9.36573 0.0288483
-3.44805 -9.36573 0.0294464
-2.85339 -9.56334 0.0300489
-2.85339 -9.56334 0.0306491
-2.85327 -9.56337 0.0312809
-2.85309 -9.56343 0.0319487
-2.85292 -9.56349 0.0326395
-2.8528 -9.56353 0.033337
-2.8528 -9.56353 0.0340102
-2.8528 -9.56353 0.0346693
-2.8528 -9.56353 0.035324
-2.8528 -9.56353 0.0359798
-2.8528 -9.56353 0.0366363
-2.2476 -9.72335 0.0372931
-2.2476 -9.72335 0.0379495
-2.24747 -9.72339 0.0386367
-2.24729 -9.72343 0.0393609
-2.24711 -9.72348 0.0401044
-2.24699 -9.72351 0.0408515
-2.24699 -9.72351 0.041574
-2.24699 -9.72351 0.00547154
-2.24699 -9.72351 -0.0151041
-2.24699 -9.72351 -0.0267026
-2.24699 -9.72351 -0.033107
-1.63287 -9.84631 -0.0365084
-1.63287 -9.84631 -0.0433675
-1.63275 -9.84633 -0.0470029
-1.63257 -9.84637 -0.0487654
-1.63238 -9.84641 -0.0494392
-1.63226 -9.84643 -0.0494971
-1.63226 -9.84643 -0.049218
-1.63226 -9.84643 -0.0487382
-1.63226 -9.84643 -0.0481445
-1.63226 -9.84643 -0.0474814
-1.63226 -9.84643 -0.0467759
-1.01183 -9.92853 -0.0460422
-1.01183 -9.92853 -0.0453383
-1.0117 -9.92855 -0.0445846
-1.01152 -9.92857 -0.0437879
-1.01133 -9.9286 -0.0429663
-1.0112 -9.92861 -0.0421371
-1.0112 -9.92861 -0.0413208
-1.0112 -9.92861 -0.0620443
-1.0112 -9.92861 -0.0736893
-1.0112 -9.92861 -0.0800817
-1.0112 -9.92861 -0.0834334
-0.38563 -9.9731 -0.0850271
-0.38563 -9.9731 -0.088645
-0.385505 -9.97311 -0.0903711
-0.385318 -9.97313 -0.0909947
-0.38513 -9.97314 -0.0909771
-0.385005 -9.97315 -0.0905939
-0.385005 -9.97315 -0.0900172
-0.385004 -9.97315 -0.0893285
-0.385004 -9.97315 -0.0885714
-0.385004 -9.97315 -0.0877748
-0.385004 -9.97315 -0.0869517
0.240395 -9.97728 -0.0861132
0.240395 -9.97728 -0.0852923
0.24052 -9.97728 -0.0844357
0.240708 -9.97728 -0.0835468
0.240895 -9.97728 -0.0826413
0.241021 -9.97728 -0.0817304
0.241021 -9.97728 -0.0808301
0.241021 -9.97728 -0.0799381
0.241021 -9.97728 -0.0790472
0.241021 -9.97728 -0.0781533
0.241021 -9.97728 -0.0772555
0.867633 -9.94247 -0.0763539
0.867633 -9.94247 -0.0754555
0.867758 -9.94246 -0.0745395
0.867946 -9.94245 -0.0736025
0.868134 -9.94244 -0.0726555
0.868259 -9.94243 -0.0717039
0.86826 -9.94243 -0.0707601
0.86826 -9.94243 -0.0698208
0.86826 -9.94243 -0.0688864
0.86826 -9.94243 -0.067951
0.86826 -9.94243 -0.0670152
1.49018 -9.86836 -0.0660753
1.49018 -9.86836 -0.0651373
1.4903 -9.86834 -0.064184
1.49049 -9.86832 -0.0632119
1.49067 -9.8683 -0.0622289
1.4908 -9.86829 -0.0612441
1.4908 -9.86829 -0.0602708
1.4908 -9.86829 -0.0593004
1.4908 -9.86829 -0.0583295
1.4908 -9.86829 -0.0573547
1.4908 -9.86829 -0.0563797
2.10656 -9.75553 -0.0554047
2.10656 -9.75553 -0.0544297
2.10669 -9.75551 -0.0534405
2.10687 -9.75547 -0.0524342
2.10706 -9.75544 -0.0514178
2.10718 -9.75542 -0.050403
2.10718 -9.75542 -0.049396
2.10718 -9.75542 -0.0483935
2.10718 -9.75542 -0.0473922
2.10718 -9.75542 -0.0463915
2.10718 -9.75542 -0.0453874
2.71491 -9.60406 -0.0443815
2.71491 -9.60406 -0.0433778
2.71503 -9.60403 -0.0423618
2.71521 -9.60399 -0.0413344
2.71539 -9.60394 -0.0402982
2.71551 -9.60391 -0.0392596
2.71551 -9.60391 -0.0382285
2.71551 -9.60391 -0.0371958
2.71551 -9.60391 -0.0361665
2.71551 -9.60391 -0.0351356
2.71551 -9.60391 -0.0341037
3.31338 -9.41406 -0.0330675
3.31338 -9.41406 -0.0320335
3.3135 -9.41402 -0.0309915
3.31368 -9.41396 -0.0299414
3.31386 -9.4139 -0.0288865
3.31398 -9.41387 -0.0278286
3.31398 -9.41387 -0.0267722
3.31398 -9.41387 -0.0257188
3.31398 -9.41387 -0.0461972
3.31398 -9.41387 -0.057591
3.31398 -9.41387 -0.0637324
3.89817 -9.18782 -0.0668369
3.89817 -9.18782 -0.073438
3.89829 -9.18778 -0.0768038
3.89846 -9.18771 -0.0782975
3.89864 -9.18764 -0.0787053
3.89875 -9.1876 -0.0784888
3.89875 -9.1876 -0.0779121
3.89875 -9.1876 -0.0771279
3.89875 -9.1876 -0.0762214
3.89875 -9.1876 -0.0537163
3.89875 -9.1876 -0.0402499
4.46647 -8.92666 -0.0320138
4.46647 -8.92666 -0.0177586
4.46659 -8.92661 -0.0090593
4.46676 -8.92653 -0.00356872
4.46693 -8.92645 6.84629e-05
4.46704 -8.9264 0.00262884
4.46704 -8.9264 0.00456682
4.46704 -8.9264 0.00614492
4.46704 -8.9264 0.00751647
4.46704 -8.9264 0.00876859
4.46704 -8.9264 0.00995167
5.01788 -8.62725 0.0110964
5.01788 -8.62725 0.0122864
5.01799 -8.62719 0.0134366
5.01815 -8.6271 0.0145624
5.01832 -8.62701 0.0156802
5.01843 -8.62695 0.0167903
5.01843 -8.62695 0.0178981
5.01843 -8.62695 0.0190023
5.01843 -8.62695 0.0201022
5.01843 -8.62695 0.0211998
5.01843 -8.62695 0.0222996
5.55062 -8.29497 0.0234007
5.55062 -8.29497 0.0245003
5.55073 -8.2949 0.025599
5.55089 -8.2948 0.0267007
5.55105 -8.2947 0.0278021
5.55116 -8.29464 0.0289034
5.55116 -8.29464 0.0300027
5.55116 -8.29464 0.0311045
5.55116 -8.29464 0.0322054
5.55116 -8.29464 0.0333081
5.55116 -8.29464 0.0344134
6.06045 -7.93051 0.0355201
6.06045 -7.93051 0.0366251
6.06055 -7.93043 0.0377274
6.0607 -7.93032 0.0388294
6.06086 -7.93021 0.0399306
6.06096 -7.93014 0.0410346
6.06096 -7.93014 0.04214
6.06096 -7.93014 0.043244
6.06096 -7.93014 0.0443487
6.06096 -7.93014 0.0454539
6.06096 -7.93014 0.0465593
6.54511 -7.53325 0.0476648
6.54511 -7.53325 0.0487702
6.54521 -7.53317 0.0498732
6.54535 -7.53305 0.0509729
6.5455 -7.53293 0.0520708
6.54559 -7.53285 0.0531654
6.54559 -7.53285 0.0542677
6.54559 -7.53285 0.0553746
6.54559 -7.53285 0.0564797
6.54559 -7.53285 0.057586
6.54559 -7.53285 0.0586908
7.00526 -7.10769 0.0597926
7.00526 -7.10769 0.0608963
7.00535 -7.10761 0.0619953
7.00549 -7.10748 0.0630868
7.00563 -7.10735 0.0641739
7.00572 -7.10727 0.0652593
7.00572 -7.10727 0.0663529
7.00572 -7.10727 0.0674492
7.00572 -7.10727 0.0685469
7.00572 -7.10727 0.0696456
7.00572 -7.10727 0.0707425
7.4375 -6.65434 0.013492
7.4375 -6.65434 -0.0191454
7.43758 -6.65425 -0.0375667
7.43771 -6.65411 -0.0477734
7.43784 -6.65397 -0.0532312
7.43793 -6.65388 -0.0559376
7.43793 -6.65388 -0.0570433
7.43793 -6.65388 -0.0572258
7.43793 -6.65388 -0.0568708
7.43793 -6.65388 -0.0562087
7.43793 -6.65388 -0.0553675
7.83961 -6.17421 -0.0544249
7.83961 -6.17421 -0.0536006
7.8397 -6.17411 -0.0526821
7.83982 -6.17397 -0.051716
7.83994 -6.17382 -0.0507245
7.84002 -6.17373 -0.0497112
7.84002 -6.17373 -0.0486698
7.84002 -6.17373 -0.047612
7.84002 -6.17373 -0.046547
7.84002 -6.17373 -0.04548
7.84002 -6.17373 -0.0444118
8.21295 -5.66991 -0.043345
8.21295 -5.66991 -0.0422781
8.21302 -5.66981 -0.0412302
8.21313 -5.66966 -0.040201
8.21325 -5.66951 -0.0391826
8.21332 -5.66941 -0.0381609
8.21332 -5.66941 -0.0371238
8.21332 -5.66941 -0.0360778
8.21332 -5.66941 -0.0350267
8.21332 -5.66941 -0.0339748
8.21332 -5.66941 -0.0329246
8.55264 -5.1439 -0.0318753
8.55264 -5.1439 -0.0308249
8.55271 -5.1438 -0.0297952
8.55281 -5.14364 -0.028784
8.55291 -5.14348 -0.0277877
8.55298 -5.14338 -0.0267913
8.55298 -5.14338 -0.0257774
8.55298 -5.14338 -0.0247556
8.55298 -5.14338 -0.0237278
8.55298 -5.14338 -0.0227
8.55298 -5.14338 -0.0216746
8.85783 -4.59637 -0.0206525
8.85783 -4.59637 -0.0196281
8.85789 -4.59627 -0.018628
8.85798 -4.5961 -0.0176516
8.85807 -4.59594 -0.0166872
8.85814 -4.59583 -0.0157239
8.85814 -4.59583 -0.0147442
8.85814 -4.59583 -0.0137572
8.85814 -4.59583 -0.0127661
8.85814 -4.59583 -0.0117689
8.85814 -4.59583 -0.0107702
9.12916 -4.03077 -0.00977448
9.12916 -4.03077 -0.0087781
9.12922 -4.03066 -0.00780659
9.1293 -4.03049 -0.00685823
9.12938 -4.03032 -0.00592318
9.12944 -4.03021 -0.00499128
9.12944 -4.03021 -0.00404051
9.12944 -4.03021 -0.00307739
9.12944 -4.03021 -0.00210712
9.12944 -4.03021 -0.00113853
9.12944 -4.03021 -0.000173073
9.36552 -3.449 0.000788433
9.36552 -3.449 0.00175292
9.36556 -3.44889 0.00269155
9.36563 -3.44871 0.00360201
9.3657 -3.44854 0.00449627
9.36575 -3.44842 0.00539014
9.36575 -3.44842 0.006306
9.36575 -3.44842 0.00723234
9.36575 -3.44842 0.00816474
9.36575 -3.44842 0.00909483
9.36575 -3.44842 0.0100251
9.56336 -2.85365 0.0109534
9.56336 -2.85365 0.0118824
9.5634 -2.85353 0.0127861
9.56346 -2.85335 0.0136632
9.56352 -2.85317 0.0145193
9.56356 -2.85305 0.015373
9.56356 -2.85305 0.0162469
9.56356 -2.85305 0.0171323
9.56356 -2.85305 0.0180224
9.56356 -2.85305 0.0189129
9.56356 -2.85305 0.0198058
9.72264 -2.24738 0.020698
9.72264 -2.24738 0.0215895
9.72267 -2.24726 0.0224498
9.72271 -2.24708 0.0232773
9.72276 -2.24689 0.0240837
9.72279 -2.24677 0.0248906
9.72279 -2.24677 0.025723
9.72279 -2.24677 0.0265657
9.72279 -2.24677 0.0274144
9.72279 -2.24677 0.0282644
9.72279 -2.24677 0.0291115
9.84533 -1.63368 0.0299548
9.84533 -1.63368 0.0308009
9.84535 -1.63356 0.0316171
9.84539 -1.63337 0.0324006
9.84543 -1.63319 0.0331653
9.84545 -1.63307 0.0339281
9.84545 -1.63307 0.0347162
9.84545 -1.63307 0.0355152
9.84545 -1.63307 0.0363183
9.84545 -1.63307 0.0371217
9.84545 -1.63307 0.0379194
9.92771 -1.01231 0.0387139
9.92771 -1.01231 0.0395121
9.92773 -1.01218 0.0402767
9.92775 -1.012 0.041008
9.92778 -1.01181 0.0417179
9.92779 -1.01169 0.0424273
9.92779 -1.01169 0.0431606
9.92779 -1.01169 0.0439055
9.92779 -1.01169 0.0446549
9.92779 -1.01169 0.0454069
9.92779 -1.01169 0.0454069
