x:4.25306e-317 3.39917e-321 1.13141e-321
x:     10.0024    0.0623637 1.13141e-321
x:     10.0024    0.0623637 1.13141e-321
x:     10.0002     0.101404 1.13141e-321
x:     10.0002     0.101404 1.13141e-321
x:     9.99774     0.155206 1.13141e-321
x:     9.99774     0.155218 1.13141e-321
x:     9.99717     0.215325 1.13141e-321
x:     9.99717     0.215349 1.13141e-321
x:     9.99612     0.275014 1.13141e-321
x:     9.99612     0.275043 1.13141e-321
x:     9.99399     0.337855 1.13141e-321
x:     9.99399     0.337885 1.13141e-321
x:     9.99198     0.400432 1.13141e-321
x:     9.99198     0.400462 1.13141e-321
x:     9.98899     0.463685 1.13141e-321
x:     9.98899     0.463717 1.13141e-321
x:     9.98555     0.526267 1.13141e-321
x:     9.98555     0.526299 1.13141e-321
x:     9.98177     0.587886 1.13141e-321
x:     9.98177     0.587917 1.13141e-321
x:     9.97818     0.651258 1.13141e-321
x:     9.97818     0.651289 1.13141e-321
x:     9.97407     0.713827 1.13141e-321
x:     9.97407     0.713858 1.13141e-321
x:      9.9696     0.777665 1.13141e-321
x:      9.9696     0.777696 1.13141e-321
x:     9.96499     0.840086 1.13141e-321
x:     9.96499     0.840118 1.13141e-321
x:     9.95979     0.902581 1.13141e-321
x:     9.95978     0.902613 1.13141e-321
x:     9.95309     0.964921 1.13141e-321
x:     9.95308     0.964952 1.13141e-321
x:     9.94601      1.02793 1.13141e-321
x:     9.94601      1.02796 1.13141e-321
x:     9.93849      1.08877 1.13141e-321
x:     9.93848       1.0888 1.13141e-321
x:     9.93273      1.15199 1.13141e-321
x:     9.93273      1.15202 1.13141e-321
x:     9.92555      1.21457 1.13141e-321
x:     9.92554       1.2146 1.13141e-321
x:      9.9182      1.27697 1.13141e-321
x:     9.91819        1.277 1.13141e-321
x:     9.91028      1.34035 1.13141e-321
x:     9.91028      1.34038 1.13141e-321
x:     9.90233      1.40192 1.13141e-321
x:     9.90233      1.40195 1.13141e-321
x:     9.89291      1.46354 1.13141e-321
x:     9.89291      1.46357 1.13141e-321
x:     9.88251      1.52696 1.13141e-321
x:     9.88251      1.52699 1.13141e-321
x:     9.87228      1.58862 1.13141e-321
x:     9.87227      1.58865 1.13141e-321
x:     9.86265      1.65054 1.13141e-321
x:     9.86265      1.65057 1.13141e-321
x:      9.8531      1.71153 1.13141e-321
x:     9.85309      1.71156 1.13141e-321
x:     9.84183      1.77382 1.13141e-321
x:     9.84182      1.77385 1.13141e-321
x:      9.8293      1.83516 1.13141e-321
x:      9.8293      1.83519 1.13141e-321
x:     9.81861      1.89757 1.13141e-321
x:      9.8186       1.8976 1.13141e-321
x:     9.80632      1.95938 1.13141e-321
x:     9.80631      1.95941 1.13141e-321
x:     9.79335      2.02055 1.13141e-321
x:     9.79334      2.02058 1.13141e-321
x:     9.77994      2.08179 1.13141e-321
x:     9.77993      2.08182 1.13141e-321
x:     9.76739      2.14324 1.13141e-321
x:     9.76738      2.14327 1.13141e-321
x:     9.75407       2.2058 1.13141e-321
x:     9.75406      2.20583 1.13141e-321
x:      9.7401      2.26612 1.13141e-321
x:     9.74009      2.26615 1.13141e-321
x:      9.7265      2.32829 1.13141e-321
x:      9.7265      2.32832 1.13141e-321
x:     9.71117      2.38836 1.13141e-321
x:     9.71117      2.38839 1.13141e-321
x:     9.69585      2.44952 1.13141e-321
x:     9.69584      2.44955 1.13141e-321
x:     9.67965      2.51106 1.13141e-321
x:     9.67964      2.51109 1.13141e-321
x:     9.66344      2.57122 1.13141e-321
x:     9.66343      2.57125 1.13141e-321
x:     9.64895      2.63216 1.13141e-321
x:     9.64894      2.63219 1.13141e-321
x:     9.63137      2.69326 1.13141e-321
x:     9.63136      2.69329 1.13141e-321
x:     9.61485      2.75367 1.13141e-321
x:     9.61484       2.7537 1.13141e-321
x:     9.59641      2.81323 1.13141e-321
x:      9.5964      2.81326 1.13141e-321
x:     9.57809       2.8737 1.13141e-321
x:     9.57808      2.87373 1.13141e-321
x:     9.56004      2.93332 1.13141e-321
x:     9.56003      2.93335 1.13141e-321
x:     9.54101      2.99375 1.13141e-321
x:       9.541      2.99378 1.13141e-321
x:     9.52009      3.05281 1.13141e-321
x:     9.52009      3.05284 1.13141e-321
x:     9.50145      3.11287 1.13141e-321
x:     9.50144       3.1129 1.13141e-321
x:     9.48327      3.17243 1.13141e-321
x:     9.48326      3.17246 1.13141e-321
x:      9.4629      3.23211 1.13141e-321
x:     9.46289      3.23214 1.13141e-321
x:     9.44301      3.29089 1.13141e-321
x:       9.443      3.29092 1.13141e-321
x:     9.42135      3.35092 1.13141e-321
x:     9.42134      3.35095 1.13141e-321
x:     9.40117      3.40988 1.13141e-321
x:     9.40116      3.40991 1.13141e-321
x:     9.38074      3.46976 1.13141e-321
x:     9.38073      3.46979 1.13141e-321
x:     9.35769      3.52825 1.13141e-321
x:     9.35768      3.52828 1.13141e-321
x:     9.33472      3.58723 1.13141e-321
x:     9.33471      3.58726 1.13141e-321
x:     9.31142      3.64587 1.13141e-321
x:     9.31141       3.6459 1.13141e-321
x:     9.28817      3.70362 1.13141e-321
x:     9.28816      3.70364 1.13141e-321
x:     9.26387      3.76132 1.13141e-321
x:     9.26386      3.76135 1.13141e-321
x:     9.24074      3.81935 1.13141e-321
x:     9.24073      3.81938 1.13141e-321
x:     9.21717      3.87759 1.13141e-321
x:     9.21715      3.87761 1.13141e-321
x:     9.19312      3.93487 1.13141e-321
x:     9.19311      3.93489 1.13141e-321
x:      9.1688      3.99368 1.13141e-321
x:     9.16879      3.99371 1.13141e-321
x:     9.14306       4.0507 1.13141e-321
x:     9.14304      4.05073 1.13141e-321
x:     9.11702      4.10818 1.13141e-321
x:       9.117       4.1082 1.13141e-321
x:     9.09025      4.16599 1.13141e-321
x:     9.09024      4.16602 1.13141e-321
x:     9.06482       4.2224 1.13141e-321
x:      9.0648      4.22243 1.13141e-321
x:     9.03632      4.27868 1.13141e-321
x:     9.03631       4.2787 1.13141e-321
x:      9.0102      4.33626 1.13141e-321
x:     9.01019      4.33629 1.13141e-321
x:     8.98353      4.39327 1.13141e-321
x:     8.98352      4.39329 1.13141e-321
x:     8.95522      4.44925 1.13141e-321
x:      8.9552      4.44928 1.13141e-321
x:     8.92756      4.50426 1.13141e-321
x:     8.92755      4.50429 1.13141e-321
x:     8.89924      4.56096 1.13141e-321
x:     8.89922      4.56098 1.13141e-321
x:     8.87103      4.61662 1.13141e-321
x:     8.87101      4.61665 1.13141e-321
x:     8.84061      4.67239 1.13141e-321
x:      8.8406      4.67242 1.13141e-321
x:     8.81116      4.72739 1.13141e-321
x:     8.81115      4.72742 1.13141e-321
x:     8.78188      4.78198 1.13141e-321
x:     8.78186      4.78201 1.13141e-321
x:     8.75179       4.8384 1.13141e-321
x:     8.75178      4.83843 1.13141e-321
x:     8.72138      4.89268 1.13141e-321
x:     8.72136      4.89271 1.13141e-321
x:     8.68929      4.94848 1.13141e-321
x:     8.68928      4.94851 1.13141e-321
x:     8.65856      5.00328 1.13141e-321
x:     8.65854       5.0033 1.13141e-321
x:      8.6276      5.05671 1.13141e-321
x:     8.62758      5.05674 1.13141e-321
x:     8.59568      5.11017 1.13141e-321
x:     8.59566       5.1102 1.13141e-321
x:     8.56305      5.16468 1.13141e-321
x:     8.56304      5.16471 1.13141e-321
x:     8.53098      5.21859 1.13141e-321
x:     8.53096      5.21862 1.13141e-321
x:     8.49752      5.27146 1.13141e-321
x:      8.4975      5.27149 1.13141e-321
x:     8.46403      5.32435 1.13141e-321
x:     8.46401      5.32438 1.13141e-321
x:     8.42939      5.37802 1.13141e-321
x:     8.42938      5.37805 1.13141e-321
x:     8.39662      5.43112 1.13141e-321
x:     8.39661      5.43114 1.13141e-321
x:     8.36134        5.483 1.13141e-321
x:     8.36133      5.48303 1.13141e-321
x:     8.32586      5.53566 1.13141e-321
x:     8.32584      5.53569 1.13141e-321
x:     8.29225      5.58762 1.13141e-321
x:     8.29223      5.58765 1.13141e-321
x:     8.25674      5.63956 1.13141e-321
x:     8.25672      5.63958 1.13141e-321
x:     8.22181      5.69164 1.13141e-321
x:     8.22179      5.69166 1.13141e-321
x:     8.18506      5.74289 1.13141e-321
x:     8.18504      5.74291 1.13141e-321
x:     8.14932      5.79401 1.13141e-321
x:     8.14931      5.79403 1.13141e-321
x:     8.11166      5.84604 1.13141e-321
x:     8.11165      5.84607 1.13141e-321
x:     8.07508      5.89697 1.13141e-321
x:     8.07506      5.89699 1.13141e-321
x:     8.03756      5.94783 1.13141e-321
x:     8.03754      5.94785 1.13141e-321
x:     8.00145      5.99785 1.13141e-321
x:     8.00143      5.99787 1.13141e-321
x:     7.96309      6.04853 1.13141e-321
x:     7.96308      6.04856 1.13141e-321
x:     7.92456      6.09811 1.13141e-321
x:     7.92454      6.09814 1.13141e-321
x:     7.88676      6.14935 1.13141e-321
x:     7.88674      6.14938 1.13141e-321
x:     7.84634      6.19862 1.13141e-321
x:     7.84632      6.19865 1.13141e-321
x:     7.80731      6.24813 1.13141e-321
x:     7.80729      6.24815 1.13141e-321
x:     7.76864      6.29614 1.13141e-321
x:     7.76862      6.29617 1.13141e-321
x:     7.72945      6.34431 1.13141e-321
x:     7.72943      6.34433 1.13141e-321
x:     7.68987      6.39183 1.13141e-321
x:     7.68985      6.39186 1.13141e-321
x:     7.64974      6.43977 1.13141e-321
x:     7.64972       6.4398 1.13141e-321
x:       7.608      6.48805 1.13141e-321
x:     7.60798      6.48808 1.13141e-321
x:     7.56716      6.53565 1.13141e-321
x:     7.56714      6.53567 1.13141e-321
x:     7.52577      6.58447 1.13141e-321
x:     7.52575       6.5845 1.13141e-321
x:     7.48518       6.6313 1.13141e-321
x:     7.48516      6.63132 1.13141e-321
x:     7.44255      6.67859 1.13141e-321
x:     7.44253      6.67861 1.13141e-321
x:     7.40108      6.72513 1.13141e-321
x:     7.40106      6.72515 1.13141e-321
x:     7.35905      6.77167 1.13141e-321
x:     7.35903       6.7717 1.13141e-321
x:     7.31629      6.81672 1.13141e-321
x:     7.31627      6.81675 1.13141e-321
x:     7.27325      6.86222 1.13141e-321
x:     7.27323      6.86224 1.13141e-321
x:     7.22982      6.90831 1.13141e-321
x:      7.2298      6.90833 1.13141e-321
x:      7.1866      6.95444 1.13141e-321
x:     7.18657      6.95446 1.13141e-321
x:     7.14207      6.99876 1.13141e-321
x:     7.14205      6.99879 1.13141e-321
x:     7.09885      7.04418 1.13141e-321
x:     7.09883       7.0442 1.13141e-321
x:     7.05472      7.08777 1.13141e-321
x:      7.0547      7.08779 1.13141e-321
x:     7.00946       7.1311 1.13141e-321
x:     7.00943      7.13112 1.13141e-321
x:     6.96519      7.17509 1.13141e-321
x:     6.96517      7.17511 1.13141e-321
x:     6.91918      7.21831 1.13141e-321
x:     6.91916      7.21833 1.13141e-321
x:     6.87356      7.26189 1.13141e-321
x:     6.87354      7.26191 1.13141e-321
x:     6.82703      7.30625 1.13141e-321
x:     6.82701      7.30627 1.13141e-321
x:     6.78133      7.34841 1.13141e-321
x:     6.78131      7.34843 1.13141e-321
x:     6.73541      7.39078 1.13141e-321
x:     6.73539       7.3908 1.13141e-321
x:     6.68822      7.43359 1.13141e-321
x:      6.6882      7.43361 1.13141e-321
x:     6.64218      7.47478 1.13141e-321
x:     6.64216       7.4748 1.13141e-321
x:     6.59572      7.51669 1.13141e-321
x:      6.5957      7.51671 1.13141e-321
x:     6.54806       7.5581 1.13141e-321
x:     6.54804      7.55812 1.13141e-321
x:      6.5003      7.59766 1.13141e-321
x:     6.50028      7.59768 1.13141e-321
x:     6.45231      7.63773 1.13141e-321
x:     6.45229      7.63775 1.13141e-321
x:     6.40393      7.67884 1.13141e-321
x:     6.40391      7.67886 1.13141e-321
x:      6.3561      7.71925 1.13141e-321
x:     6.35608      7.71927 1.13141e-321
x:     6.30692      7.75918 1.13141e-321
x:      6.3069       7.7592 1.13141e-321
x:     6.25838      7.79939 1.13141e-321
x:     6.25836      7.79941 1.13141e-321
x:     6.20967      7.83935 1.13141e-321
x:     6.20964      7.83937 1.13141e-321
x:     6.15986      7.87873 1.13141e-321
x:     6.15983      7.87875 1.13141e-321
x:     6.10985      7.91586 1.13141e-321
x:     6.10983      7.91588 1.13141e-321
x:     6.06072      7.95415 1.13141e-321
x:      6.0607      7.95417 1.13141e-321
x:     6.00995      7.99256 1.13141e-321
x:     6.00992      7.99258 1.13141e-321
x:     5.96002      8.03007 1.13141e-321
x:        5.96      8.03009 1.13141e-321
x:     5.90883      8.06737 1.13141e-321
x:      5.9088      8.06739 1.13141e-321
x:     5.85821      8.10359 1.13141e-321
x:     5.85818      8.10361 1.13141e-321
x:     5.80721      8.14068 1.13141e-321
x:     5.80718       8.1407 1.13141e-321
x:     5.75621      8.17692 1.13141e-321
x:     5.75619      8.17694 1.13141e-321
x:     5.70461      8.21301 1.13141e-321
x:     5.70459      8.21303 1.13141e-321
x:     5.65344      8.24888 1.13141e-321
x:     5.65342       8.2489 1.13141e-321
x:     5.60151       8.2846 1.13141e-321
x:     5.60148      8.28462 1.13141e-321
x:     5.54952      8.31968 1.13141e-321
x:      5.5495      8.31969 1.13141e-321
x:     5.49644      8.35414 1.13141e-321
x:     5.49641      8.35416 1.13141e-321
x:     5.44353      8.38779 1.13141e-321
x:     5.44351      8.38781 1.13141e-321
x:     5.39099      8.42112 1.13141e-321
x:     5.39096      8.42114 1.13141e-321
x:     5.33747      8.45592 1.13141e-321
x:     5.33745      8.45594 1.13141e-321
x:     5.28474      8.48907 1.13141e-321
x:     5.28471      8.48909 1.13141e-321
x:     5.23065      8.52198 1.13141e-321
x:     5.23063      8.52199 1.13141e-321
x:     5.17773      8.55454 1.13141e-321
x:      5.1777      8.55455 1.13141e-321
x:     5.12364      8.58737 1.13141e-321
x:     5.12362      8.58739 1.13141e-321
x:     5.06961      8.62005 1.13141e-321
x:     5.06958      8.62007 1.13141e-321
x:     5.01421      8.65046 1.13141e-321
x:     5.01419      8.65048 1.13141e-321
x:     4.95974      8.68144 1.13141e-321
x:     4.95971      8.68146 1.13141e-321
x:     4.90586      8.71352 1.13141e-321
x:     4.90584      8.71354 1.13141e-321
x:     4.85119      8.74473 1.13141e-321
x:     4.85116      8.74475 1.13141e-321
x:     4.79603      8.77466 1.13141e-321
x:     4.79601      8.77468 1.13141e-321
x:     4.74089      8.80376 1.13141e-321
x:     4.74086      8.80378 1.13141e-321
x:     4.68647      8.83335 1.13141e-321
x:     4.68644      8.83336 1.13141e-321
x:     4.63057      8.86392 1.13141e-321
x:     4.63054      8.86393 1.13141e-321
x:      4.5755      8.89383 1.13141e-321
x:     4.57547      8.89385 1.13141e-321
x:     4.51841      8.92201 1.13141e-321
x:     4.51838      8.92202 1.13141e-321
x:      4.4621      8.94864 1.13141e-321
x:     4.46208      8.94865 1.13141e-321
x:     4.40558      8.97614 1.13141e-321
x:     4.40555      8.97615 1.13141e-321
x:     4.35008      9.00423 1.13141e-321
x:     4.35006      9.00425 1.13141e-321
x:     4.29302      9.03229 1.13141e-321
x:     4.29299       9.0323 1.13141e-321
x:     4.23545      9.05858 1.13141e-321
x:     4.23542      9.05859 1.13141e-321
x:      4.1783      9.08634 1.13141e-321
x:     4.17827      9.08635 1.13141e-321
x:     4.12194      9.11242 1.13141e-321
x:     4.12192      9.11243 1.13141e-321
x:     4.06525      9.13744 1.13141e-321
x:     4.06522      9.13746 1.13141e-321
x:     4.00771      9.16218 1.13141e-321
x:     4.00768      9.16219 1.13141e-321
x:     3.94883      9.18729 1.13141e-321
x:      3.9488      9.18731 1.13141e-321
x:     3.89045      9.21138 1.13141e-321
x:     3.89042      9.21139 1.13141e-321
x:     3.83309      9.23659 1.13141e-321
x:     3.83306       9.2366 1.13141e-321
x:     3.77547      9.26083 1.13141e-321
x:     3.77545      9.26085 1.13141e-321
x:     3.71914      9.28362 1.13141e-321
x:     3.71911      9.28363 1.13141e-321
x:     3.66003      9.30582 1.13141e-321
x:     3.66001      9.30584 1.13141e-321
x:     3.60128      9.32944 1.13141e-321
x:     3.60126      9.32945 1.13141e-321
x:     3.54209      9.35248 1.13141e-321
x:     3.54206      9.35249 1.13141e-321
x:     3.48295      9.37428 1.13141e-321
x:     3.48292      9.37429 1.13141e-321
x:     3.42253      9.39531 1.13141e-321
x:      3.4225      9.39533 1.13141e-321
x:     3.36371      9.41638 1.13141e-321
x:     3.36368      9.41639 1.13141e-321
x:     3.30557      9.43725 1.13141e-321
x:     3.30554      9.43726 1.13141e-321
x:      3.2468      9.45893 1.13141e-321
x:     3.24678      9.45894 1.13141e-321
x:     3.18666      9.47922 1.13141e-321
x:     3.18663      9.47923 1.13141e-321
x:     3.12671      9.49883 1.13141e-321
x:     3.12668      9.49884 1.13141e-321
x:     3.06684      9.51847 1.13141e-321
x:     3.06681      9.51848 1.13141e-321
x:     3.00812      9.53722 1.13141e-321
x:     3.00809      9.53723 1.13141e-321
x:     2.94731      9.55542 1.13141e-321
x:     2.94728      9.55543 1.13141e-321
x:     2.88849      9.57405 1.13141e-321
x:     2.88846      9.57406 1.13141e-321
x:      2.8273        9.592 1.13141e-321
x:     2.82727      9.59201 1.13141e-321
x:     2.76764      9.60904 1.13141e-321
x:     2.76761      9.60905 1.13141e-321
x:     2.70626      9.62661 1.13141e-321
x:     2.70623      9.62661 1.13141e-321
x:     2.64612      9.64407 1.13141e-321
x:     2.64609      9.64408 1.13141e-321
x:      2.5849      9.65988 1.13141e-321
x:     2.58487      9.65989 1.13141e-321
x:     2.52415      9.67549 1.13141e-321
x:     2.52412      9.67549 1.13141e-321
x:     2.46425      9.69119 1.13141e-321
x:     2.46422      9.69119 1.13141e-321
x:     2.40288      9.70644 1.13141e-321
x:     2.40285      9.70645 1.13141e-321
x:     2.34129      9.72196 1.13141e-321
x:     2.34126      9.72197 1.13141e-321
x:     2.27878      9.73654 1.13141e-321
x:     2.27875      9.73655 1.13141e-321
x:     2.21916      9.75024 1.13141e-321
x:     2.21913      9.75025 1.13141e-321
x:     2.15769      9.76433 1.13141e-321
x:     2.15766      9.76434 1.13141e-321
x:     2.09678      9.77803 1.13141e-321
x:     2.09675      9.77803 1.13141e-321
x:      2.0346      9.79033 1.13141e-321
x:     2.03457      9.79033 1.13141e-321
x:     1.97251      9.80224 1.13141e-321
x:     1.97248      9.80225 1.13141e-321
x:      1.9121      9.81584 1.13141e-321
x:     1.91207      9.81585 1.13141e-321
x:     1.85071      9.82711 1.13141e-321
x:     1.85068      9.82712 1.13141e-321
x:     1.78872      9.83828 1.13141e-321
x:     1.78869      9.83828 1.13141e-321
x:     1.72771      9.84915 1.13141e-321
x:     1.72768      9.84916 1.13141e-321
x:     1.66482      9.86012 1.13141e-321
x:     1.66479      9.86013 1.13141e-321
x:     1.60178      9.87076 1.13141e-321
x:     1.60175      9.87077 1.13141e-321
x:     1.54042      9.88036 1.13141e-321
x:     1.54039      9.88037 1.13141e-321
x:     1.47864      9.89115 1.13141e-321
x:     1.47861      9.89115 1.13141e-321
x:     1.41626      9.89936 1.13141e-321
x:     1.41623      9.89936 1.13141e-321
x:     1.35472      9.90763 1.13141e-321
x:     1.35469      9.90764 1.13141e-321
x:     1.29227      9.91689 1.13141e-321
x:     1.29224      9.91689 1.13141e-321
x:     1.22973      9.92466 1.13141e-321
x:      1.2297      9.92466 1.13141e-321
x:     1.16683      9.93102 1.13141e-321
x:      1.1668      9.93102 1.13141e-321
x:     1.10328      9.93801 1.13141e-321
x:     1.10325      9.93802 1.13141e-321
x:     1.04208      9.94512 1.13141e-321
x:     1.04204      9.94512 1.13141e-321
x:    0.980285       9.9517 1.13141e-321
x:    0.980254      9.95171 1.13141e-321
x:    0.916673      9.95764 1.13141e-321
x:    0.916642      9.95765 1.13141e-321
x:    0.853995      9.96303 1.13141e-321
x:    0.853963      9.96303 1.13141e-321
x:    0.790689      9.96921 1.13141e-321
x:    0.790658      9.96921 1.13141e-321
x:    0.728689       9.9731 1.13141e-321
x:    0.728657      9.97311 1.13141e-321
x:     0.66726      9.97739 1.13141e-321
x:    0.667229      9.97739 1.13141e-321
x:    0.604581      9.98149 1.13141e-321
x:     0.60455      9.98149 1.13141e-321
x:    0.540583      9.98542 1.13141e-321
x:    0.540552      9.98542 1.13141e-321
x:    0.478542      9.98802 1.13141e-321
x:     0.47851      9.98802 1.13141e-321
x:    0.415225      9.99059 1.13141e-321
x:    0.415193      9.99059 1.13141e-321
x:    0.352662      9.99367 1.13141e-321
x:    0.352631      9.99367 1.13141e-321
x:    0.290525      9.99602 1.13141e-321
x:    0.290494      9.99603 1.13141e-321
x:    0.226957       9.9967 1.13141e-321
x:    0.226926       9.9967 1.13141e-321
x:    0.165079      9.99799 1.13141e-321
x:    0.165047      9.99799 1.13141e-321
x:    0.101753      9.99911 1.13141e-321
x:    0.101722      9.99911 1.13141e-321
x:   0.0389552      9.99916 1.13141e-321
x:   0.0389239      9.99916 1.13141e-321
x:  -0.0242274      9.99864 1.13141e-321
x:  -0.0242589      9.99864 1.13141e-321
x:   -0.086541      9.99802 1.13141e-321
x:  -0.0865725      9.99802 1.13141e-321
x:   -0.149292      9.99786 1.13141e-321
x:   -0.149324      9.99786 1.13141e-321
x:   -0.211874      9.99699 1.13141e-321
x:   -0.211905      9.99699 1.13141e-321
x:   -0.275478      9.99495 1.13141e-321
x:   -0.275509      9.99495 1.13141e-321
x:   -0.337837      9.99364 1.13141e-321
x:   -0.337869      9.99364 1.13141e-321
x:   -0.400919      9.99046 1.13141e-321
x:   -0.400951      9.99046 1.13141e-321
x:   -0.463302      9.98848 1.13141e-321
x:   -0.463333      9.98848 1.13141e-321
x:   -0.525725      9.98497 1.13141e-321
x:   -0.525757      9.98497 1.13141e-321
x:   -0.588453      9.98241 1.13141e-321
x:   -0.588484      9.98241 1.13141e-321
x:   -0.650741      9.97929 1.13141e-321
x:   -0.650773      9.97929 1.13141e-321
x:   -0.714342      9.97424 1.13141e-321
x:   -0.714373      9.97424 1.13141e-321
x:   -0.777644       9.9695 1.13141e-321
x:   -0.777675       9.9695 1.13141e-321
x:   -0.840324      9.96498 1.13141e-321
x:   -0.840355      9.96498 1.13141e-321
x:   -0.903655      9.95975 1.13141e-321
x:   -0.903686      9.95975 1.13141e-321
x:   -0.966079      9.95262 1.13141e-321
x:    -0.96611      9.95261 1.13141e-321
x:    -1.02808      9.94652 1.13141e-321
x:    -1.02811      9.94651 1.13141e-321
x:    -1.09045      9.94083 1.13141e-321
x:    -1.09048      9.94083 1.13141e-321
x:    -1.15261      9.93222 1.13141e-321
x:    -1.15264      9.93222 1.13141e-321
x:    -1.21517      9.92482 1.13141e-321
x:     -1.2152      9.92482 1.13141e-321
x:     -1.2765      9.91718 1.13141e-321
x:    -1.27653      9.91718 1.13141e-321
x:    -1.33924      9.91049 1.13141e-321
x:    -1.33927      9.91049 1.13141e-321
x:     -1.4023       9.9013 1.13141e-321
x:    -1.40233       9.9013 1.13141e-321
x:    -1.46395      9.89294 1.13141e-321
x:    -1.46398      9.89293 1.13141e-321
x:    -1.52609      9.88362 1.13141e-321
x:    -1.52612      9.88362 1.13141e-321
x:    -1.58715      9.87229 1.13141e-321
x:    -1.58718      9.87228 1.13141e-321
x:    -1.65037      9.86225 1.13141e-321
x:     -1.6504      9.86224 1.13141e-321
x:    -1.71194      9.85264 1.13141e-321
x:    -1.71197      9.85263 1.13141e-321
x:    -1.77339      9.84155 1.13141e-321
x:    -1.77343      9.84155 1.13141e-321
x:    -1.83626      9.82984 1.13141e-321
x:    -1.83629      9.82984 1.13141e-321
x:    -1.89744      9.81817 1.13141e-321
x:    -1.89747      9.81816 1.13141e-321
x:    -1.95894       9.8063 1.13141e-321
x:    -1.95897       9.8063 1.13141e-321
x:    -2.02127      9.79398 1.13141e-321
x:     -2.0213      9.79397 1.13141e-321
x:    -2.08179      9.78051 1.13141e-321
x:    -2.08182       9.7805 1.13141e-321
x:    -2.14406      9.76651 1.13141e-321
x:    -2.14409       9.7665 1.13141e-321
x:      -2.205       9.7528 1.13141e-321
x:    -2.20503      9.75279 1.13141e-321
x:    -2.26556      9.74009 1.13141e-321
x:    -2.26559      9.74009 1.13141e-321
x:    -2.32686      9.72621 1.13141e-321
x:    -2.32689       9.7262 1.13141e-321
x:    -2.38681      9.71002 1.13141e-321
x:    -2.38684      9.71002 1.13141e-321
x:    -2.44772      9.69467 1.13141e-321
x:    -2.44775      9.69466 1.13141e-321
x:    -2.50912      9.68058 1.13141e-321
x:    -2.50915      9.68057 1.13141e-321
x:    -2.57005      9.66306 1.13141e-321
x:    -2.57008      9.66306 1.13141e-321
x:    -2.63131      9.64791 1.13141e-321
x:    -2.63134      9.64791 1.13141e-321
x:    -2.69173      9.62979 1.13141e-321
x:    -2.69176      9.62978 1.13141e-321
x:    -2.75261      9.61391 1.13141e-321
x:    -2.75264       9.6139 1.13141e-321
x:    -2.81227      9.59537 1.13141e-321
x:     -2.8123      9.59536 1.13141e-321
x:    -2.87368       9.5793 1.13141e-321
x:    -2.87371      9.57929 1.13141e-321
x:    -2.93301       9.5609 1.13141e-321
x:    -2.93304      9.56089 1.13141e-321
x:    -2.99422      9.54196 1.13141e-321
x:    -2.99425      9.54195 1.13141e-321
x:     -3.0539      9.52311 1.13141e-321
x:    -3.05393       9.5231 1.13141e-321
x:    -3.11186      9.50444 1.13141e-321
x:    -3.11189      9.50443 1.13141e-321
x:     -3.1727      9.48328 1.13141e-321
x:    -3.17273      9.48327 1.13141e-321
x:    -3.23267      9.46391 1.13141e-321
x:     -3.2327       9.4639 1.13141e-321
x:    -3.29274      9.44295 1.13141e-321
x:    -3.29277      9.44294 1.13141e-321
x:    -3.35114      9.42229 1.13141e-321
x:    -3.35117      9.42228 1.13141e-321
x:    -3.41011      9.40092 1.13141e-321
x:    -3.41014       9.4009 1.13141e-321
x:    -3.46772      9.37898 1.13141e-321
x:    -3.46775      9.37897 1.13141e-321
x:    -3.52698       9.3581 1.13141e-321
x:    -3.52701      9.35809 1.13141e-321
x:    -3.58606      9.33488 1.13141e-321
x:    -3.58609      9.33487 1.13141e-321
x:     -3.6457      9.31209 1.13141e-321
x:    -3.64573      9.31208 1.13141e-321
x:    -3.70274      9.28893 1.13141e-321
x:    -3.70277      9.28892 1.13141e-321
x:    -3.76248      9.26438 1.13141e-321
x:    -3.76251      9.26437 1.13141e-321
x:    -3.82105      9.24196 1.13141e-321
x:    -3.82108      9.24194 1.13141e-321
x:    -3.87815       9.2171 1.13141e-321
x:    -3.87818      9.21709 1.13141e-321
x:     -3.9355      9.19236 1.13141e-321
x:    -3.93553      9.19235 1.13141e-321
x:    -3.99208      9.16718 1.13141e-321
x:    -3.99211      9.16717 1.13141e-321
x:    -4.04953      9.14121 1.13141e-321
x:    -4.04956      9.14119 1.13141e-321
x:    -4.10759      9.11637 1.13141e-321
x:    -4.10762      9.11636 1.13141e-321
x:    -4.16606      9.09048 1.13141e-321
x:    -4.16609      9.09047 1.13141e-321
x:    -4.22182      9.06374 1.13141e-321
x:    -4.22185      9.06373 1.13141e-321
x:    -4.27979      9.03761 1.13141e-321
x:    -4.27982      9.03759 1.13141e-321
x:     -4.3369      9.01134 1.13141e-321
x:    -4.33693      9.01132 1.13141e-321
x:    -4.39411      8.98338 1.13141e-321
x:    -4.39414      8.98336 1.13141e-321
x:    -4.45008       8.9563 1.13141e-321
x:    -4.45011      8.95628 1.13141e-321
x:    -4.50534       8.9269 1.13141e-321
x:    -4.50536      8.92689 1.13141e-321
x:    -4.56144      8.89878 1.13141e-321
x:    -4.56147      8.89877 1.13141e-321
x:    -4.61751      8.86901 1.13141e-321
x:    -4.61754      8.86899 1.13141e-321
x:    -4.67413      8.84052 1.13141e-321
x:    -4.67416       8.8405 1.13141e-321
x:    -4.72892      8.81145 1.13141e-321
x:    -4.72895      8.81144 1.13141e-321
x:    -4.78427      8.78225 1.13141e-321
x:     -4.7843      8.78224 1.13141e-321
x:    -4.83824      8.75195 1.13141e-321
x:    -4.83827      8.75193 1.13141e-321
x:    -4.89309      8.71976 1.13141e-321
x:    -4.89312      8.71974 1.13141e-321
x:    -4.94904      8.68842 1.13141e-321
x:    -4.94907       8.6884 1.13141e-321
x:    -5.00245      8.65812 1.13141e-321
x:    -5.00248       8.6581 1.13141e-321
x:    -5.05748      8.62639 1.13141e-321
x:     -5.0575      8.62637 1.13141e-321
x:    -5.11041       8.5955 1.13141e-321
x:    -5.11044      8.59549 1.13141e-321
x:    -5.16451      8.56385 1.13141e-321
x:    -5.16454      8.56383 1.13141e-321
x:    -5.21852      8.53116 1.13141e-321
x:    -5.21855      8.53115 1.13141e-321
x:    -5.27221      8.49785 1.13141e-321
x:    -5.27223      8.49783 1.13141e-321
x:    -5.32493      8.46496 1.13141e-321
x:    -5.32496      8.46495 1.13141e-321
x:    -5.37865       8.4303 1.13141e-321
x:    -5.37867      8.43029 1.13141e-321
x:    -5.43052      8.39731 1.13141e-321
x:    -5.43054      8.39729 1.13141e-321
x:    -5.48449      8.36183 1.13141e-321
x:    -5.48452      8.36181 1.13141e-321
x:    -5.53677      8.32677 1.13141e-321
x:     -5.5368      8.32675 1.13141e-321
x:    -5.58699      8.29197 1.13141e-321
x:    -5.58701      8.29196 1.13141e-321
x:    -5.64086      8.25637 1.13141e-321
x:    -5.64089      8.25635 1.13141e-321
x:    -5.69257      8.22162 1.13141e-321
x:    -5.69259       8.2216 1.13141e-321
x:    -5.74406      8.18602 1.13141e-321
x:    -5.74409        8.186 1.13141e-321
x:    -5.79544      8.15009 1.13141e-321
x:    -5.79547      8.15007 1.13141e-321
x:    -5.84563      8.11386 1.13141e-321
x:    -5.84566      8.11384 1.13141e-321
x:    -5.89725      8.07702 1.13141e-321
x:    -5.89728      8.07701 1.13141e-321
x:    -5.94701      8.03902 1.13141e-321
x:    -5.94703      8.03901 1.13141e-321
x:    -5.99736      8.00043 1.13141e-321
x:    -5.99738      8.00041 1.13141e-321
x:    -6.04905      7.96262 1.13141e-321
x:    -6.04907       7.9626 1.13141e-321
x:    -6.09826      7.92527 1.13141e-321
x:    -6.09828      7.92525 1.13141e-321
x:    -6.14694       7.8865 1.13141e-321
x:    -6.14696      7.88648 1.13141e-321
x:    -6.19704      7.84897 1.13141e-321
x:    -6.19707      7.84895 1.13141e-321
x:     -6.2461      7.80894 1.13141e-321
x:    -6.24613      7.80892 1.13141e-321
x:    -6.29599      7.77104 1.13141e-321
x:    -6.29602      7.77102 1.13141e-321
x:    -6.34522      7.73057 1.13141e-321
x:    -6.34525      7.73056 1.13141e-321
x:    -6.39153      7.69027 1.13141e-321
x:    -6.39156      7.69025 1.13141e-321
x:    -6.44092      7.64992 1.13141e-321
x:    -6.44095       7.6499 1.13141e-321
x:    -6.48878       7.6084 1.13141e-321
x:    -6.48881      7.60838 1.13141e-321
x:    -6.53769      7.56833 1.13141e-321
x:    -6.53771      7.56831 1.13141e-321
x:    -6.58526      7.52703 1.13141e-321
x:    -6.58529      7.52701 1.13141e-321
x:    -6.63113      7.48456 1.13141e-321
x:    -6.63116      7.48454 1.13141e-321
x:    -6.67811      7.44316 1.13141e-321
x:    -6.67813      7.44314 1.13141e-321
x:    -6.72329      7.40123 1.13141e-321
x:    -6.72332      7.40121 1.13141e-321
x:    -6.77066      7.35913 1.13141e-321
x:    -6.77068       7.3591 1.13141e-321
x:    -6.81722      7.31578 1.13141e-321
x:    -6.81724      7.31575 1.13141e-321
x:    -6.86321      7.27201 1.13141e-321
x:    -6.86323      7.27199 1.13141e-321
x:    -6.90913      7.22976 1.13141e-321
x:    -6.90915      7.22974 1.13141e-321
x:    -6.95342      7.18622 1.13141e-321
x:    -6.95345       7.1862 1.13141e-321
x:    -6.99872      7.14196 1.13141e-321
x:    -6.99874      7.14194 1.13141e-321
x:    -7.04357      7.09738 1.13141e-321
x:    -7.04359      7.09736 1.13141e-321
x:    -7.08749       7.0533 1.13141e-321
x:    -7.08751      7.05328 1.13141e-321
x:    -7.13251      7.00791 1.13141e-321
x:    -7.13253      7.00789 1.13141e-321
x:     -7.1757      6.96337 1.13141e-321
x:    -7.17572      6.96335 1.13141e-321
x:    -7.21924      6.91848 1.13141e-321
x:    -7.21926      6.91846 1.13141e-321
x:    -7.26193      6.87307 1.13141e-321
x:    -7.26195      6.87305 1.13141e-321
x:     -7.3047      6.82685 1.13141e-321
x:    -7.30472      6.82683 1.13141e-321
x:    -7.34927      6.78141 1.13141e-321
x:    -7.34929      6.78138 1.13141e-321
x:    -7.39092      6.73504 1.13141e-321
x:    -7.39095      6.73502 1.13141e-321
x:    -7.43326      6.68836 1.13141e-321
x:    -7.43328      6.68834 1.13141e-321
x:    -7.47634      6.64079 1.13141e-321
x:    -7.47636      6.64076 1.13141e-321
x:    -7.51716      6.59483 1.13141e-321
x:    -7.51718      6.59481 1.13141e-321
x:    -7.55955      6.54752 1.13141e-321
x:    -7.55957       6.5475 1.13141e-321
x:    -7.59944      6.49944 1.13141e-321
x:    -7.59946      6.49941 1.13141e-321
x:    -7.63989      6.45212 1.13141e-321
x:    -7.63991      6.45209 1.13141e-321
x:    -7.68009       6.4037 1.13141e-321
x:    -7.68011      6.40367 1.13141e-321
x:    -7.72076      6.35557 1.13141e-321
x:    -7.72078      6.35554 1.13141e-321
x:    -7.76072       6.3069 1.13141e-321
x:    -7.76074      6.30688 1.13141e-321
x:    -7.80017       6.2588 1.13141e-321
x:    -7.80019      6.25878 1.13141e-321
x:    -7.83922      6.21002 1.13141e-321
x:    -7.83924      6.20999 1.13141e-321
x:    -7.87834       6.1609 1.13141e-321
x:    -7.87836      6.16088 1.13141e-321
x:    -7.91571       6.1099 1.13141e-321
x:    -7.91573      6.10987 1.13141e-321
x:    -7.95434      6.05894 1.13141e-321
x:    -7.95436      6.05892 1.13141e-321
x:    -7.99209      6.01009 1.13141e-321
x:     -7.9921      6.01006 1.13141e-321
x:    -8.02927      5.96008 1.13141e-321
x:    -8.02928      5.96005 1.13141e-321
x:    -8.06783      5.91014 1.13141e-321
x:    -8.06785      5.91012 1.13141e-321
x:    -8.10367      5.85885 1.13141e-321
x:    -8.10369      5.85882 1.13141e-321
x:    -8.13984      5.80685 1.13141e-321
x:    -8.13986      5.80682 1.13141e-321
x:    -8.17587      5.75703 1.13141e-321
x:    -8.17588        5.757 1.13141e-321
x:    -8.21308      5.70403 1.13141e-321
x:    -8.21309        5.704 1.13141e-321
x:     -8.2492      5.65279 1.13141e-321
x:    -8.24922      5.65277 1.13141e-321
x:    -8.28399       5.6011 1.13141e-321
x:    -8.28401      5.60108 1.13141e-321
x:    -8.32051      5.54973 1.13141e-321
x:    -8.32053       5.5497 1.13141e-321
x:    -8.35408      5.49571 1.13141e-321
x:     -8.3541      5.49568 1.13141e-321
x:    -8.38841      5.44362 1.13141e-321
x:    -8.38842      5.44359 1.13141e-321
x:    -8.42183      5.39112 1.13141e-321
x:    -8.42184      5.39109 1.13141e-321
x:    -8.45542      5.33808 1.13141e-321
x:    -8.45544      5.33806 1.13141e-321
x:    -8.48839        5.285 1.13141e-321
x:    -8.48841      5.28497 1.13141e-321
x:     -8.5222      5.23117 1.13141e-321
x:    -8.52222      5.23115 1.13141e-321
x:    -8.55529      5.17765 1.13141e-321
x:    -8.55531      5.17763 1.13141e-321
x:    -8.58705       5.1235 1.13141e-321
x:    -8.58706      5.12347 1.13141e-321
x:     -8.6193      5.06961 1.13141e-321
x:    -8.61932      5.06958 1.13141e-321
x:     -8.6515      5.01499 1.13141e-321
x:    -8.65152      5.01496 1.13141e-321
x:    -8.68337      4.96036 1.13141e-321
x:    -8.68339      4.96034 1.13141e-321
x:    -8.71392      4.90696 1.13141e-321
x:    -8.71394      4.90693 1.13141e-321
x:    -8.74367      4.85229 1.13141e-321
x:    -8.74369      4.85226 1.13141e-321
x:    -8.77426      4.79767 1.13141e-321
x:    -8.77427      4.79764 1.13141e-321
x:    -8.80463      4.74207 1.13141e-321
x:    -8.80464      4.74205 1.13141e-321
x:    -8.83334      4.68525 1.13141e-321
x:    -8.83336      4.68523 1.13141e-321
x:    -8.86249      4.63065 1.13141e-321
x:    -8.86251      4.63062 1.13141e-321
x:    -8.89163      4.57425 1.13141e-321
x:    -8.89164      4.57422 1.13141e-321
x:    -8.92112      4.51817 1.13141e-321
x:    -8.92113      4.51815 1.13141e-321
x:    -8.94849      4.46271 1.13141e-321
x:     -8.9485      4.46268 1.13141e-321
x:    -8.97683      4.40608 1.13141e-321
x:    -8.97684      4.40605 1.13141e-321
x:    -9.00383      4.34993 1.13141e-321
x:    -9.00385       4.3499 1.13141e-321
x:     -9.0312      4.29426 1.13141e-321
x:    -9.03122      4.29423 1.13141e-321
x:    -9.05794      4.23701 1.13141e-321
x:    -9.05796      4.23699 1.13141e-321
x:    -9.08486      4.17875 1.13141e-321
x:    -9.08487      4.17872 1.13141e-321
x:    -9.11061      4.12126 1.13141e-321
x:    -9.11062      4.12123 1.13141e-321
x:    -9.13621      4.06391 1.13141e-321
x:    -9.13622      4.06388 1.13141e-321
x:     -9.1621      4.00761 1.13141e-321
x:    -9.16211      4.00758 1.13141e-321
x:    -9.18788      3.94919 1.13141e-321
x:    -9.18789      3.94916 1.13141e-321
x:    -9.21151      3.89054 1.13141e-321
x:    -9.21152      3.89051 1.13141e-321
x:    -9.23638      3.83335 1.13141e-321
x:    -9.23639      3.83332 1.13141e-321
x:    -9.26074      3.77536 1.13141e-321
x:    -9.26075      3.77533 1.13141e-321
x:    -9.28389      3.71761 1.13141e-321
x:    -9.28391      3.71758 1.13141e-321
x:    -9.30797      3.65853 1.13141e-321
x:    -9.30798       3.6585 1.13141e-321
x:     -9.3292      3.60038 1.13141e-321
x:    -9.32921      3.60035 1.13141e-321
x:    -9.35133      3.54169 1.13141e-321
x:    -9.35134      3.54167 1.13141e-321
x:    -9.37409      3.48233 1.13141e-321
x:     -9.3741       3.4823 1.13141e-321
x:    -9.39665      3.42301 1.13141e-321
x:    -9.39666      3.42298 1.13141e-321
x:    -9.41731      3.36346 1.13141e-321
x:    -9.41733      3.36343 1.13141e-321
x:    -9.43796      3.30438 1.13141e-321
x:    -9.43797      3.30435 1.13141e-321
x:    -9.45954       3.2442 1.13141e-321
x:    -9.45955      3.24417 1.13141e-321
x:     -9.4789       3.1866 1.13141e-321
x:    -9.47891      3.18657 1.13141e-321
x:    -9.49865      3.12726 1.13141e-321
x:    -9.49866      3.12724 1.13141e-321
x:    -9.51853      3.06775 1.13141e-321
x:    -9.51854      3.06772 1.13141e-321
x:    -9.53651      3.00621 1.13141e-321
x:    -9.53652      3.00618 1.13141e-321
x:    -9.55599      2.94678 1.13141e-321
x:      -9.556      2.94675 1.13141e-321
x:    -9.57267      2.88672 1.13141e-321
x:    -9.57268      2.88668 1.13141e-321
x:    -9.59142       2.8267 1.13141e-321
x:    -9.59143      2.82667 1.13141e-321
x:    -9.60841      2.76672 1.13141e-321
x:    -9.60842      2.76669 1.13141e-321
x:    -9.62556       2.7075 1.13141e-321
x:    -9.62556      2.70747 1.13141e-321
x:    -9.64356      2.64633 1.13141e-321
x:    -9.64357       2.6463 1.13141e-321
x:    -9.65973      2.58405 1.13141e-321
x:    -9.65974      2.58402 1.13141e-321
x:    -9.67586      2.52418 1.13141e-321
x:    -9.67587      2.52415 1.13141e-321
x:    -9.69216      2.46355 1.13141e-321
x:    -9.69217      2.46352 1.13141e-321
x:    -9.70675       2.4034 1.13141e-321
x:    -9.70676      2.40337 1.13141e-321
x:     -9.7221      2.34074 1.13141e-321
x:     -9.7221      2.34071 1.13141e-321
x:    -9.73636      2.28029 1.13141e-321
x:    -9.73637      2.28026 1.13141e-321
x:     -9.7509      2.21995 1.13141e-321
x:    -9.75091      2.21992 1.13141e-321
x:    -9.76509      2.15811 1.13141e-321
x:     -9.7651      2.15808 1.13141e-321
x:    -9.77793      2.09757 1.13141e-321
x:    -9.77794      2.09754 1.13141e-321
x:    -9.78972      2.03563 1.13141e-321
x:    -9.78972       2.0356 1.13141e-321
x:     -9.8034      1.97452 1.13141e-321
x:    -9.80341      1.97449 1.13141e-321
x:    -9.81656      1.91217 1.13141e-321
x:    -9.81656      1.91214 1.13141e-321
x:    -9.82721      1.85039 1.13141e-321
x:    -9.82721      1.85036 1.13141e-321
x:    -9.83866      1.78851 1.13141e-321
x:    -9.83867      1.78848 1.13141e-321
x:    -9.84968       1.7254 1.13141e-321
x:    -9.84969      1.72537 1.13141e-321
x:    -9.85995       1.6647 1.13141e-321
x:    -9.85996      1.66467 1.13141e-321
x:    -9.87039      1.60261 1.13141e-321
x:     -9.8704      1.60258 1.13141e-321
x:    -9.88126      1.53975 1.13141e-321
x:    -9.88127      1.53972 1.13141e-321
x:    -9.88975      1.47692 1.13141e-321
x:    -9.88976      1.47688 1.13141e-321
x:    -9.89862      1.41602 1.13141e-321
x:    -9.89863      1.41599 1.13141e-321
x:    -9.90671      1.35367 1.13141e-321
x:    -9.90671      1.35364 1.13141e-321
x:    -9.91479      1.29117 1.13141e-321
x:    -9.91479      1.29114 1.13141e-321
x:    -9.92366      1.22822 1.13141e-321
x:    -9.92367      1.22819 1.13141e-321
x:    -9.93056      1.16607 1.13141e-321
x:    -9.93057      1.16604 1.13141e-321
x:    -9.93834      1.10402 1.13141e-321
x:    -9.93834      1.10399 1.13141e-321
x:    -9.94551      1.04158 1.13141e-321
x:    -9.94552      1.04155 1.13141e-321
x:    -9.95266     0.979659 1.13141e-321
x:    -9.95267     0.979627 1.13141e-321
x:    -9.95799     0.917708 1.13141e-321
x:      -9.958     0.917677 1.13141e-321
x:    -9.96291     0.854946 1.13141e-321
x:    -9.96292     0.854915 1.13141e-321
x:    -9.96795     0.792805 1.13141e-321
x:    -9.96795     0.792774 1.13141e-321
x:    -9.97258     0.729972 1.13141e-321
x:    -9.97258      0.72994 1.13141e-321
x:    -9.97714     0.666366 1.13141e-321
x:    -9.97715     0.666335 1.13141e-321
x:    -9.98126     0.605617 1.13141e-321
x:    -9.98126     0.605585 1.13141e-321
x:    -9.98536     0.541622 1.13141e-321
x:    -9.98536     0.541591 1.13141e-321
x:    -9.98873     0.479044 1.13141e-321
x:    -9.98873     0.479013 1.13141e-321
x:    -9.99174     0.415993 1.13141e-321
x:    -9.99174     0.415962 1.13141e-321
x:    -9.99376     0.352976 1.13141e-321
x:    -9.99376     0.352945 1.13141e-321
x:    -9.99466     0.289934 1.13141e-321
x:    -9.99466     0.289903 1.13141e-321
x:    -9.99642     0.227461 1.13141e-321
x:    -9.99642      0.22743 1.13141e-321
x:    -9.99749      0.16471 1.13141e-321
x:    -9.99749     0.164679 1.13141e-321
x:    -9.99838     0.101562 1.13141e-321
x:    -9.99838     0.101531 1.13141e-321
x:    -10.0004    0.0384604 1.13141e-321
x:    -10.0004    0.0384289 1.13141e-321
x:    -10.0004    -0.024573 1.13141e-321
x:    -10.0004   -0.0246045 1.13141e-321
x:    -9.99843   -0.0881749 1.13141e-321
x:    -9.99844   -0.0882064 1.13141e-321
x:    -9.99726    -0.150745 1.13141e-321
x:    -9.99726    -0.150777 1.13141e-321
x:    -9.99825    -0.212631 1.13141e-321
x:    -9.99825    -0.212662 1.13141e-321
x:    -9.99704    -0.274919 1.13141e-321
x:    -9.99704     -0.27495 1.13141e-321
x:     -9.9937    -0.340206 1.13141e-321
x:     -9.9937    -0.340237 1.13141e-321
x:    -9.99116    -0.400892 1.13141e-321
x:    -9.99116    -0.400924 1.13141e-321
x:    -9.98866    -0.464416 1.13141e-321
x:    -9.98866    -0.464447 1.13141e-321
x:    -9.98615    -0.525302 1.13141e-321
x:    -9.98615    -0.525333 1.13141e-321
x:    -9.98241    -0.589015 1.13141e-321
x:    -9.98241    -0.589046 1.13141e-321
x:    -9.97967    -0.652219 1.13141e-321
x:    -9.97967     -0.65225 1.13141e-321
x:    -9.97545     -0.71484 1.13141e-321
x:    -9.97545    -0.714872 1.13141e-321
x:    -9.96969    -0.777296 1.13141e-321
x:    -9.96969    -0.777327 1.13141e-321
x:    -9.96436    -0.839087 1.13141e-321
x:    -9.96436    -0.839118 1.13141e-321
x:    -9.95908    -0.902485 1.13141e-321
x:    -9.95908    -0.902516 1.13141e-321
x:    -9.95338    -0.963901 1.13141e-321
x:    -9.95338    -0.963933 1.13141e-321
x:    -9.94676     -1.02706 1.13141e-321
x:    -9.94676     -1.02709 1.13141e-321
x:    -9.94054     -1.08936 1.13141e-321
x:    -9.94054     -1.08939 1.13141e-321
x:    -9.93359     -1.15273 1.13141e-321
x:    -9.93359     -1.15276 1.13141e-321
x:    -9.92492     -1.21488 1.13141e-321
x:    -9.92492     -1.21491 1.13141e-321
x:    -9.91806     -1.27676 1.13141e-321
x:    -9.91805     -1.27679 1.13141e-321
x:    -9.90994      -1.3387 1.13141e-321
x:    -9.90993     -1.33873 1.13141e-321
x:    -9.90177     -1.40164 1.13141e-321
x:    -9.90177     -1.40168 1.13141e-321
x:    -9.89137     -1.46311 1.13141e-321
x:    -9.89136     -1.46314 1.13141e-321
x:    -9.88279     -1.52583 1.13141e-321
x:    -9.88279     -1.52586 1.13141e-321
x:     -9.8732     -1.58789 1.13141e-321
x:     -9.8732     -1.58792 1.13141e-321
x:    -9.86343     -1.64981 1.13141e-321
x:    -9.86343     -1.64984 1.13141e-321
x:    -9.85291     -1.71137 1.13141e-321
x:    -9.85291      -1.7114 1.13141e-321
x:     -9.8418     -1.77373 1.13141e-321
x:    -9.84179     -1.77376 1.13141e-321
x:    -9.82908     -1.83527 1.13141e-321
x:    -9.82908      -1.8353 1.13141e-321
x:    -9.81752      -1.8974 1.13141e-321
x:    -9.81751     -1.89743 1.13141e-321
x:    -9.80617     -1.95949 1.13141e-321
x:    -9.80617     -1.95952 1.13141e-321
x:    -9.79433     -2.02194 1.13141e-321
x:    -9.79432     -2.02197 1.13141e-321
x:    -9.78031     -2.08238 1.13141e-321
x:    -9.78031     -2.08241 1.13141e-321
x:    -9.76631      -2.1427 1.13141e-321
x:    -9.76631     -2.14273 1.13141e-321
x:    -9.75228     -2.20354 1.13141e-321
x:    -9.75228     -2.20357 1.13141e-321
x:    -9.73813     -2.26598 1.13141e-321
x:    -9.73812     -2.26601 1.13141e-321
x:    -9.72531     -2.32704 1.13141e-321
x:    -9.72531     -2.32707 1.13141e-321
x:    -9.71017     -2.38714 1.13141e-321
x:    -9.71016     -2.38717 1.13141e-321
x:    -9.69532     -2.44831 1.13141e-321
x:    -9.69531     -2.44834 1.13141e-321
x:    -9.68006     -2.50977 1.13141e-321
x:    -9.68005      -2.5098 1.13141e-321
x:    -9.66329     -2.57034 1.13141e-321
x:    -9.66329     -2.57037 1.13141e-321
x:    -9.64789      -2.6323 1.13141e-321
x:    -9.64788     -2.63233 1.13141e-321
x:    -9.63096      -2.6929 1.13141e-321
x:    -9.63095     -2.69293 1.13141e-321
x:    -9.61381     -2.75282 1.13141e-321
x:     -9.6138     -2.75285 1.13141e-321
x:    -9.59523     -2.81319 1.13141e-321
x:    -9.59522     -2.81322 1.13141e-321
x:    -9.57892     -2.87361 1.13141e-321
x:    -9.57891     -2.87364 1.13141e-321
x:     -9.5594     -2.93426 1.13141e-321
x:    -9.55939     -2.93429 1.13141e-321
x:    -9.54173     -2.99385 1.13141e-321
x:    -9.54173     -2.99388 1.13141e-321
x:     -9.5226     -3.05303 1.13141e-321
x:    -9.52259     -3.05306 1.13141e-321
x:    -9.50263     -3.11231 1.13141e-321
x:    -9.50262     -3.11234 1.13141e-321
x:    -9.48287     -3.17211 1.13141e-321
x:    -9.48286     -3.17214 1.13141e-321
x:    -9.46367     -3.23197 1.13141e-321
x:    -9.46366       -3.232 1.13141e-321
x:    -9.44284     -3.29158 1.13141e-321
x:    -9.44283     -3.29161 1.13141e-321
x:     -9.4206     -3.35018 1.13141e-321
x:    -9.42059     -3.35021 1.13141e-321
x:    -9.40047     -3.40851 1.13141e-321
x:    -9.40046     -3.40854 1.13141e-321
x:    -9.37812      -3.4686 1.13141e-321
x:    -9.37811     -3.46863 1.13141e-321
x:    -9.35599     -3.52694 1.13141e-321
x:    -9.35598     -3.52697 1.13141e-321
x:    -9.33394     -3.58575 1.13141e-321
x:    -9.33393     -3.58578 1.13141e-321
x:    -9.31107     -3.64446 1.13141e-321
x:    -9.31106     -3.64449 1.13141e-321
x:    -9.28912     -3.70345 1.13141e-321
x:     -9.2891     -3.70348 1.13141e-321
x:    -9.26548     -3.76169 1.13141e-321
x:    -9.26546     -3.76172 1.13141e-321
x:    -9.23962     -3.81985 1.13141e-321
x:    -9.23961     -3.81987 1.13141e-321
x:    -9.21621      -3.8778 1.13141e-321
x:    -9.21619     -3.87783 1.13141e-321
x:    -9.19168     -3.93635 1.13141e-321
x:    -9.19166     -3.93638 1.13141e-321
x:     -9.1687     -3.99375 1.13141e-321
x:    -9.16869     -3.99378 1.13141e-321
x:    -9.14255     -4.05192 1.13141e-321
x:    -9.14254     -4.05195 1.13141e-321
x:    -9.11638     -4.10795 1.13141e-321
x:    -9.11637     -4.10798 1.13141e-321
x:    -9.08989      -4.1655 1.13141e-321
x:    -9.08988     -4.16553 1.13141e-321
x:    -9.06536     -4.22107 1.13141e-321
x:    -9.06535      -4.2211 1.13141e-321
x:    -9.03879     -4.27863 1.13141e-321
x:    -9.03878     -4.27866 1.13141e-321
x:    -9.01106     -4.33647 1.13141e-321
x:    -9.01105      -4.3365 1.13141e-321
x:    -8.98353     -4.39305 1.13141e-321
x:    -8.98352     -4.39308 1.13141e-321
x:    -8.95505     -4.45003 1.13141e-321
x:    -8.95504     -4.45006 1.13141e-321
x:    -8.92678     -4.50619 1.13141e-321
x:    -8.92677     -4.50622 1.13141e-321
x:    -8.89866     -4.56174 1.13141e-321
x:    -8.89864     -4.56177 1.13141e-321
x:     -8.8689     -4.61676 1.13141e-321
x:    -8.86889     -4.61679 1.13141e-321
x:    -8.83881     -4.67233 1.13141e-321
x:     -8.8388     -4.67236 1.13141e-321
x:    -8.81059     -4.72773 1.13141e-321
x:    -8.81057     -4.72775 1.13141e-321
x:     -8.7809     -4.78204 1.13141e-321
x:    -8.78088     -4.78207 1.13141e-321
x:    -8.75158     -4.83874 1.13141e-321
x:    -8.75156     -4.83877 1.13141e-321
x:    -8.72134     -4.89348 1.13141e-321
x:    -8.72132      -4.8935 1.13141e-321
x:    -8.68887     -4.94691 1.13141e-321
x:    -8.68885     -4.94694 1.13141e-321
x:    -8.65898     -5.00192 1.13141e-321
x:    -8.65897     -5.00195 1.13141e-321
x:    -8.62765     -5.05679 1.13141e-321
x:    -8.62764     -5.05681 1.13141e-321
x:    -8.59542      -5.1119 1.13141e-321
x:     -8.5954     -5.11193 1.13141e-321
x:    -8.56423     -5.16506 1.13141e-321
x:    -8.56422     -5.16509 1.13141e-321
x:    -8.53085     -5.21892 1.13141e-321
x:    -8.53084     -5.21894 1.13141e-321
x:    -8.49751     -5.27286 1.13141e-321
x:    -8.49749     -5.27289 1.13141e-321
x:    -8.46412     -5.32542 1.13141e-321
x:    -8.46411     -5.32545 1.13141e-321
x:    -8.43111     -5.37876 1.13141e-321
x:    -8.43109     -5.37879 1.13141e-321
x:    -8.39554     -5.43127 1.13141e-321
x:    -8.39552      -5.4313 1.13141e-321
x:    -8.36294     -5.48437 1.13141e-321
x:    -8.36292      -5.4844 1.13141e-321
x:     -8.3272     -5.53694 1.13141e-321
x:    -8.32719     -5.53696 1.13141e-321
x:    -8.29045     -5.58883 1.13141e-321
x:    -8.29043     -5.58886 1.13141e-321
x:    -8.25626     -5.64121 1.13141e-321
x:    -8.25624     -5.64124 1.13141e-321
x:    -8.22199     -5.69147 1.13141e-321
x:    -8.22197      -5.6915 1.13141e-321
x:    -8.18523     -5.74289 1.13141e-321
x:    -8.18522     -5.74292 1.13141e-321
x:    -8.14807     -5.79465 1.13141e-321
x:    -8.14805     -5.79467 1.13141e-321
x:     -8.1126     -5.84567 1.13141e-321
x:    -8.11258      -5.8457 1.13141e-321
x:    -8.07558     -5.89668 1.13141e-321
x:    -8.07556      -5.8967 1.13141e-321
x:     -8.0381     -5.94773 1.13141e-321
x:    -8.03808     -5.94776 1.13141e-321
x:    -8.00057     -5.99745 1.13141e-321
x:    -8.00055     -5.99748 1.13141e-321
x:    -7.96291      -6.0479 1.13141e-321
x:    -7.96289     -6.04792 1.13141e-321
x:    -7.92437     -6.09882 1.13141e-321
x:    -7.92435     -6.09885 1.13141e-321
x:    -7.88564     -6.14847 1.13141e-321
x:    -7.88562     -6.14849 1.13141e-321
x:    -7.84829     -6.19698 1.13141e-321
x:    -7.84827     -6.19701 1.13141e-321
x:      -7.808      -6.2464 1.13141e-321
x:    -7.80799     -6.24643 1.13141e-321
x:    -7.76844     -6.29575 1.13141e-321
x:    -7.76842     -6.29578 1.13141e-321
x:    -7.72897     -6.34501 1.13141e-321
x:    -7.72895     -6.34504 1.13141e-321
x:    -7.69005     -6.39348 1.13141e-321
x:    -7.69003     -6.39351 1.13141e-321
x:    -7.64913     -6.44092 1.13141e-321
x:    -7.64911     -6.44094 1.13141e-321
x:    -7.60898     -6.48858 1.13141e-321
x:    -7.60896      -6.4886 1.13141e-321
x:    -7.56824     -6.53638 1.13141e-321
x:    -7.56822     -6.53641 1.13141e-321
x:    -7.52713     -6.58358 1.13141e-321
x:    -7.52711      -6.5836 1.13141e-321
x:    -7.48555     -6.63002 1.13141e-321
x:    -7.48553     -6.63004 1.13141e-321
x:    -7.44367     -6.67743 1.13141e-321
x:    -7.44365     -6.67746 1.13141e-321
x:    -7.40195     -6.72545 1.13141e-321
x:    -7.40193     -6.72548 1.13141e-321
x:    -7.35896     -6.77035 1.13141e-321
x:    -7.35894     -6.77037 1.13141e-321
x:    -7.31666     -6.81685 1.13141e-321
x:    -7.31664     -6.81687 1.13141e-321
x:    -7.27253     -6.86184 1.13141e-321
x:    -7.27251     -6.86186 1.13141e-321
x:    -7.22969     -6.90732 1.13141e-321
x:    -7.22967     -6.90735 1.13141e-321
x:    -7.18545     -6.95382 1.13141e-321
x:    -7.18542     -6.95384 1.13141e-321
x:    -7.14273     -6.99974 1.13141e-321
x:    -7.14271     -6.99976 1.13141e-321
x:    -7.09785     -7.04331 1.13141e-321
x:    -7.09783     -7.04333 1.13141e-321
x:    -7.05424     -7.08861 1.13141e-321
x:    -7.05422     -7.08863 1.13141e-321
x:    -7.00961      -7.1337 1.13141e-321
x:    -7.00959     -7.13372 1.13141e-321
x:    -6.96445     -7.17688 1.13141e-321
x:    -6.96443      -7.1769 1.13141e-321
x:    -6.92038     -7.22153 1.13141e-321
x:    -6.92036     -7.22155 1.13141e-321
x:    -6.87457     -7.26398 1.13141e-321
x:    -6.87455       -7.264 1.13141e-321
x:    -6.82827      -7.3066 1.13141e-321
x:    -6.82825     -7.30662 1.13141e-321
x:    -6.78204      -7.3486 1.13141e-321
x:    -6.78201     -7.34862 1.13141e-321
x:    -6.73575     -7.39066 1.13141e-321
x:    -6.73573     -7.39068 1.13141e-321
x:    -6.68936     -7.43309 1.13141e-321
x:    -6.68934     -7.43311 1.13141e-321
x:    -6.64227     -7.47636 1.13141e-321
x:    -6.64225     -7.47638 1.13141e-321
x:    -6.59493     -7.51677 1.13141e-321
x:    -6.59491     -7.51679 1.13141e-321
x:    -6.54799     -7.55759 1.13141e-321
x:    -6.54797     -7.55762 1.13141e-321
x:    -6.49966     -7.60009 1.13141e-321
x:    -6.49964     -7.60011 1.13141e-321
x:    -6.45158     -7.64047 1.13141e-321
x:    -6.45155     -7.64049 1.13141e-321
x:    -6.40267     -7.67995 1.13141e-321
x:    -6.40264     -7.67997 1.13141e-321
x:     -6.3556     -7.72115 1.13141e-321
x:    -6.35558     -7.72117 1.13141e-321
x:    -6.30613     -7.76092 1.13141e-321
x:    -6.30611     -7.76094 1.13141e-321
x:    -6.25811     -7.79981 1.13141e-321
x:    -6.25809     -7.79983 1.13141e-321
x:    -6.20799     -7.83953 1.13141e-321
x:    -6.20797     -7.83955 1.13141e-321
x:    -6.16022     -7.87758 1.13141e-321
x:    -6.16019      -7.8776 1.13141e-321
x:    -6.11036     -7.91617 1.13141e-321
x:    -6.11033     -7.91619 1.13141e-321
x:    -6.06009     -7.95361 1.13141e-321
x:    -6.06006     -7.95363 1.13141e-321
x:    -6.00999     -7.99196 1.13141e-321
x:    -6.00997     -7.99198 1.13141e-321
x:    -5.96011     -8.02969 1.13141e-321
x:    -5.96008     -8.02971 1.13141e-321
x:    -5.90984     -8.06769 1.13141e-321
x:    -5.90981     -8.06771 1.13141e-321
x:    -5.85966     -8.10391 1.13141e-321
x:    -5.85964     -8.10393 1.13141e-321
x:    -5.80773     -8.14021 1.13141e-321
x:    -5.80771     -8.14023 1.13141e-321
x:    -5.75507     -8.17775 1.13141e-321
x:    -5.75504     -8.17776 1.13141e-321
x:    -5.70435     -8.21258 1.13141e-321
x:    -5.70432      -8.2126 1.13141e-321
x:    -5.65228     -8.24741 1.13141e-321
x:    -5.65226     -8.24743 1.13141e-321
x:    -5.60069     -8.28438 1.13141e-321
x:    -5.60066      -8.2844 1.13141e-321
x:    -5.54787     -8.31936 1.13141e-321
x:    -5.54784     -8.31937 1.13141e-321
x:    -5.49574     -8.35393 1.13141e-321
x:    -5.49571     -8.35395 1.13141e-321
x:    -5.44226     -8.38771 1.13141e-321
x:    -5.44223     -8.38773 1.13141e-321
x:    -5.39037      -8.4232 1.13141e-321
x:    -5.39035     -8.42321 1.13141e-321
x:    -5.33755     -8.45646 1.13141e-321
x:    -5.33752     -8.45648 1.13141e-321
x:     -5.2839     -8.48997 1.13141e-321
x:    -5.28387     -8.48999 1.13141e-321
x:     -5.2307     -8.52271 1.13141e-321
x:    -5.23067     -8.52273 1.13141e-321
x:    -5.17774      -8.5552 1.13141e-321
x:    -5.17772     -8.55521 1.13141e-321
x:    -5.12312     -8.58682 1.13141e-321
x:     -5.1231     -8.58683 1.13141e-321
x:    -5.06896     -8.61956 1.13141e-321
x:    -5.06893     -8.61958 1.13141e-321
x:    -5.01522     -8.65154 1.13141e-321
x:    -5.01519     -8.65156 1.13141e-321
x:    -4.96068     -8.68323 1.13141e-321
x:    -4.96066     -8.68325 1.13141e-321
x:    -4.90627     -8.71394 1.13141e-321
x:    -4.90625     -8.71395 1.13141e-321
x:    -4.85063     -8.74505 1.13141e-321
x:     -4.8506     -8.74507 1.13141e-321
x:    -4.79613     -8.77486 1.13141e-321
x:     -4.7961     -8.77487 1.13141e-321
x:    -4.74076     -8.80473 1.13141e-321
x:    -4.74074     -8.80474 1.13141e-321
x:    -4.68452      -8.8338 1.13141e-321
x:    -4.68449     -8.83382 1.13141e-321
x:    -4.62931     -8.86367 1.13141e-321
x:    -4.62929     -8.86369 1.13141e-321
x:     -4.5747     -8.89298 1.13141e-321
x:    -4.57467       -8.893 1.13141e-321
x:    -4.51915     -8.92108 1.13141e-321
x:    -4.51913     -8.92109 1.13141e-321
x:    -4.46196     -8.94934 1.13141e-321
x:    -4.46193     -8.94935 1.13141e-321
x:    -4.40543     -8.97612 1.13141e-321
x:     -4.4054     -8.97614 1.13141e-321
x:    -4.34898     -9.00385 1.13141e-321
x:    -4.34895     -9.00386 1.13141e-321
x:    -4.29319     -9.03147 1.13141e-321
x:    -4.29316     -9.03148 1.13141e-321
x:    -4.23744     -9.05864 1.13141e-321
x:    -4.23741     -9.05866 1.13141e-321
x:    -4.17816     -9.08526 1.13141e-321
x:    -4.17813     -9.08528 1.13141e-321
x:    -4.12222     -9.11059 1.13141e-321
x:    -4.12219      -9.1106 1.13141e-321
x:    -4.06546     -9.13667 1.13141e-321
x:    -4.06543     -9.13669 1.13141e-321
x:     -4.0068     -9.16163 1.13141e-321
x:    -4.00677     -9.16164 1.13141e-321
x:    -3.94923     -9.18611 1.13141e-321
x:     -3.9492     -9.18613 1.13141e-321
x:    -3.89162     -9.21131 1.13141e-321
x:    -3.89159     -9.21132 1.13141e-321
x:    -3.83289     -9.23607 1.13141e-321
x:    -3.83286     -9.23608 1.13141e-321
x:    -3.77593     -9.25903 1.13141e-321
x:    -3.77591     -9.25905 1.13141e-321
x:    -3.71773     -9.28329 1.13141e-321
x:     -3.7177      -9.2833 1.13141e-321
x:    -3.65929     -9.30605 1.13141e-321
x:    -3.65926     -9.30606 1.13141e-321
x:    -3.60177     -9.32873 1.13141e-321
x:    -3.60174     -9.32874 1.13141e-321
x:    -3.54141     -9.35065 1.13141e-321
x:    -3.54138     -9.35067 1.13141e-321
x:    -3.48288     -9.37345 1.13141e-321
x:    -3.48285     -9.37346 1.13141e-321
x:    -3.42251     -9.39487 1.13141e-321
x:    -3.42248     -9.39488 1.13141e-321
x:    -3.36536     -9.41584 1.13141e-321
x:    -3.36533     -9.41585 1.13141e-321
x:    -3.30594     -9.43747 1.13141e-321
x:    -3.30591     -9.43748 1.13141e-321
x:    -3.24688     -9.45783 1.13141e-321
x:    -3.24685     -9.45784 1.13141e-321
x:    -3.18712     -9.47753 1.13141e-321
x:    -3.18709     -9.47754 1.13141e-321
x:    -3.12659     -9.49778 1.13141e-321
x:    -3.12656     -9.49779 1.13141e-321
x:    -3.06646     -9.51847 1.13141e-321
x:    -3.06643     -9.51848 1.13141e-321
x:     -3.0075     -9.53685 1.13141e-321
x:    -3.00747     -9.53686 1.13141e-321
x:     -2.9474      -9.5543 1.13141e-321
x:    -2.94737     -9.55431 1.13141e-321
x:     -2.8868     -9.57331 1.13141e-321
x:    -2.88677     -9.57332 1.13141e-321
x:    -2.82705      -9.5916 1.13141e-321
x:    -2.82702     -9.59161 1.13141e-321
x:     -2.7682     -9.60896 1.13141e-321
x:    -2.76817     -9.60897 1.13141e-321
x:    -2.70783     -9.62618 1.13141e-321
x:     -2.7078     -9.62619 1.13141e-321
x:    -2.64506     -9.64413 1.13141e-321
x:    -2.64503     -9.64414 1.13141e-321
x:    -2.58508     -9.66009 1.13141e-321
x:    -2.58505      -9.6601 1.13141e-321
x:    -2.52374     -9.67578 1.13141e-321
x:    -2.52371     -9.67578 1.13141e-321
x:    -2.46263     -9.69151 1.13141e-321
x:     -2.4626     -9.69152 1.13141e-321
x:    -2.40287     -9.70611 1.13141e-321
x:    -2.40284     -9.70611 1.13141e-321
x:    -2.34187     -9.72176 1.13141e-321
x:    -2.34184     -9.72176 1.13141e-321
x:    -2.28027      -9.7362 1.13141e-321
x:    -2.28024     -9.73621 1.13141e-321
x:    -2.21906     -9.74987 1.13141e-321
x:    -2.21903     -9.74988 1.13141e-321
x:    -2.15762     -9.76385 1.13141e-321
x:    -2.15759     -9.76386 1.13141e-321
x:    -2.09707     -9.77735 1.13141e-321
x:    -2.09704     -9.77736 1.13141e-321
x:    -2.03643     -9.78871 1.13141e-321
x:     -2.0364     -9.78872 1.13141e-321
x:    -1.97421     -9.80276 1.13141e-321
x:    -1.97418     -9.80277 1.13141e-321
x:    -1.91198     -9.81474 1.13141e-321
x:    -1.91195     -9.81474 1.13141e-321
x:    -1.85034     -9.82763 1.13141e-321
x:    -1.85031     -9.82764 1.13141e-321
x:    -1.78852     -9.83922 1.13141e-321
x:    -1.78849     -9.83922 1.13141e-321
x:    -1.72705     -9.84864 1.13141e-321
x:    -1.72702     -9.84864 1.13141e-321
x:    -1.66546     -9.85882 1.13141e-321
x:    -1.66543     -9.85882 1.13141e-321
x:    -1.60328     -9.86927 1.13141e-321
x:    -1.60325     -9.86928 1.13141e-321
x:     -1.5412     -9.87963 1.13141e-321
x:    -1.54117     -9.87964 1.13141e-321
x:    -1.47868     -9.88972 1.13141e-321
x:    -1.47865     -9.88973 1.13141e-321
x:    -1.41661     -9.89896 1.13141e-321
x:    -1.41658     -9.89897 1.13141e-321
x:    -1.35413     -9.90754 1.13141e-321
x:     -1.3541     -9.90755 1.13141e-321
x:    -1.29181     -9.91661 1.13141e-321
x:    -1.29178     -9.91661 1.13141e-321
x:    -1.22965     -9.92465 1.13141e-321
x:    -1.22962     -9.92465 1.13141e-321
x:    -1.16719     -9.93301 1.13141e-321
x:    -1.16716     -9.93301 1.13141e-321
x:    -1.10458     -9.93822 1.13141e-321
x:    -1.10455     -9.93822 1.13141e-321
x:    -1.04289     -9.94527 1.13141e-321
x:    -1.04286     -9.94528 1.13141e-321
x:    -0.98081     -9.95101 1.13141e-321
x:   -0.980779     -9.95101 1.13141e-321
x:   -0.916099     -9.95728 1.13141e-321
x:   -0.916068     -9.95728 1.13141e-321
x:    -0.85387     -9.96302 1.13141e-321
x:   -0.853839     -9.96303 1.13141e-321
x:    -0.79223     -9.96773 1.13141e-321
x:   -0.792199     -9.96773 1.13141e-321
x:     -0.7292     -9.97262 1.13141e-321
x:   -0.729169     -9.97262 1.13141e-321
x:   -0.666864     -9.97673 1.13141e-321
x:   -0.666832     -9.97673 1.13141e-321
x:   -0.603353     -9.98152 1.13141e-321
x:   -0.603322     -9.98152 1.13141e-321
x:   -0.541123     -9.98577 1.13141e-321
x:   -0.541091     -9.98577 1.13141e-321
x:   -0.478323     -9.98888 1.13141e-321
x:   -0.478292     -9.98888 1.13141e-321
x:   -0.416017     -9.99062 1.13141e-321
x:   -0.415986     -9.99063 1.13141e-321
x:   -0.353619     -9.99322 1.13141e-321
x:   -0.353588     -9.99323 1.13141e-321
x:   -0.290953     -9.99534 1.13141e-321
x:   -0.290921     -9.99534 1.13141e-321
x:   -0.225988     -9.99736 1.13141e-321
x:   -0.225957     -9.99736 1.13141e-321
x:   -0.162528     -9.99858 1.13141e-321
x:   -0.162496     -9.99858 1.13141e-321
x:   -0.100463     -9.99908 1.13141e-321
x:   -0.100431     -9.99908 1.13141e-321
x:   -0.037734          -10 1.13141e-321
x:  -0.0377027          -10 1.13141e-321
x:   0.0246703     -10.0003 1.13141e-321
x:   0.0247015     -10.0003 1.13141e-321
x:   0.0868966     -9.99932 1.13141e-321
x:   0.0869279     -9.99932 1.13141e-321
x:    0.149721     -9.99778 1.13141e-321
x:    0.149752     -9.99778 1.13141e-321
x:    0.211373     -9.99724 1.13141e-321
x:    0.211404     -9.99724 1.13141e-321
x:    0.275269     -9.99636 1.13141e-321
x:      0.2753     -9.99636 1.13141e-321
x:    0.337242     -9.99354 1.13141e-321
x:    0.337273     -9.99354 1.13141e-321
x:    0.400151     -9.99219 1.13141e-321
x:    0.400182     -9.99219 1.13141e-321
x:    0.462615     -9.98972 1.13141e-321
x:    0.462647     -9.98971 1.13141e-321
x:    0.526399     -9.98701 1.13141e-321
x:     0.52643     -9.98701 1.13141e-321
x:    0.588544     -9.98257 1.13141e-321
x:    0.588576     -9.98257 1.13141e-321
x:    0.651651      -9.9786 1.13141e-321
x:    0.651683     -9.97859 1.13141e-321
x:    0.715391     -9.97356 1.13141e-321
x:    0.715422     -9.97356 1.13141e-321
x:    0.776748     -9.96911 1.13141e-321
x:     0.77678     -9.96911 1.13141e-321
x:    0.839998     -9.96509 1.13141e-321
x:    0.840029     -9.96509 1.13141e-321
x:    0.901871     -9.96058 1.13141e-321
x:    0.901903     -9.96057 1.13141e-321
x:    0.963568     -9.95364 1.13141e-321
x:    0.963599     -9.95363 1.13141e-321
x:     1.02648     -9.94713 1.13141e-321
x:     1.02652     -9.94713 1.13141e-321
x:     1.08946     -9.94079 1.13141e-321
x:      1.0895     -9.94078 1.13141e-321
x:     1.15217     -9.93385 1.13141e-321
x:      1.1522     -9.93384 1.13141e-321
x:     1.21568     -9.92587 1.13141e-321
x:     1.21571     -9.92587 1.13141e-321
x:     1.27872     -9.91843 1.13141e-321
x:     1.27875     -9.91842 1.13141e-321
x:     1.33942     -9.91024 1.13141e-321
x:     1.33945     -9.91024 1.13141e-321
x:     1.40312     -9.90096 1.13141e-321
x:     1.40315     -9.90096 1.13141e-321
x:      1.4651     -9.89197 1.13141e-321
x:     1.46513     -9.89197 1.13141e-321
x:     1.52733     -9.88199 1.13141e-321
x:     1.52736     -9.88199 1.13141e-321
x:     1.58832      -9.8728 1.13141e-321
x:     1.58835      -9.8728 1.13141e-321
x:     1.65062      -9.8621 1.13141e-321
x:     1.65065     -9.86209 1.13141e-321
x:     1.71202     -9.85177 1.13141e-321
x:     1.71205     -9.85177 1.13141e-321
x:     1.77451     -9.84059 1.13141e-321
x:     1.77454     -9.84058 1.13141e-321
x:     1.83635     -9.82945 1.13141e-321
x:     1.83639     -9.82945 1.13141e-321
x:     1.89763     -9.81813 1.13141e-321
x:     1.89767     -9.81813 1.13141e-321
x:     1.95911     -9.80522 1.13141e-321
x:     1.95914     -9.80521 1.13141e-321
x:      2.0201      -9.7934 1.13141e-321
x:     2.02013     -9.79339 1.13141e-321
x:     2.08178     -9.78017 1.13141e-321
x:     2.08181     -9.78016 1.13141e-321
x:     2.14434      -9.7662 1.13141e-321
x:     2.14437     -9.76619 1.13141e-321
x:      2.2053     -9.75286 1.13141e-321
x:     2.20533     -9.75286 1.13141e-321
x:     2.26613     -9.73902 1.13141e-321
x:     2.26616     -9.73901 1.13141e-321
x:     2.32713      -9.7243 1.13141e-321
x:     2.32716      -9.7243 1.13141e-321
x:     2.38717     -9.70983 1.13141e-321
x:      2.3872     -9.70982 1.13141e-321
x:     2.44897       -9.695 1.13141e-321
x:       2.449     -9.69499 1.13141e-321
x:     2.51008     -9.68057 1.13141e-321
x:     2.51011     -9.68056 1.13141e-321
x:     2.57036      -9.6642 1.13141e-321
x:     2.57039      -9.6642 1.13141e-321
x:     2.63187     -9.64693 1.13141e-321
x:      2.6319     -9.64693 1.13141e-321
x:      2.6913     -9.62885 1.13141e-321
x:     2.69133     -9.62885 1.13141e-321
x:     2.75258      -9.6128 1.13141e-321
x:     2.75261     -9.61279 1.13141e-321
x:     2.81312     -9.59655 1.13141e-321
x:     2.81315     -9.59654 1.13141e-321
x:     2.87353     -9.57816 1.13141e-321
x:     2.87356     -9.57816 1.13141e-321
x:     2.93436     -9.56087 1.13141e-321
x:     2.93439     -9.56087 1.13141e-321
x:     2.99318     -9.54218 1.13141e-321
x:     2.99321     -9.54217 1.13141e-321
x:     3.05335     -9.52261 1.13141e-321
x:     3.05338      -9.5226 1.13141e-321
x:      3.1127     -9.50196 1.13141e-321
x:     3.11273     -9.50195 1.13141e-321
x:     3.17191     -9.48298 1.13141e-321
x:     3.17194     -9.48297 1.13141e-321
x:     3.23162      -9.4629 1.13141e-321
x:     3.23165     -9.46289 1.13141e-321
x:     3.29153      -9.4428 1.13141e-321
x:     3.29156     -9.44279 1.13141e-321
x:     3.34986     -9.42116 1.13141e-321
x:     3.34989     -9.42115 1.13141e-321
x:     3.40971     -9.39976 1.13141e-321
x:     3.40974     -9.39975 1.13141e-321
x:     3.46921     -9.37786 1.13141e-321
x:     3.46924     -9.37785 1.13141e-321
x:     3.52842     -9.35603 1.13141e-321
x:     3.52845     -9.35602 1.13141e-321
x:     3.58644     -9.33458 1.13141e-321
x:     3.58647     -9.33457 1.13141e-321
x:     3.64606     -9.31117 1.13141e-321
x:     3.64609     -9.31116 1.13141e-321
x:     3.70496     -9.28836 1.13141e-321
x:     3.70499     -9.28835 1.13141e-321
x:     3.76216     -9.26516 1.13141e-321
x:     3.76219     -9.26514 1.13141e-321
x:     3.82007     -9.24078 1.13141e-321
x:      3.8201     -9.24077 1.13141e-321
x:     3.87731     -9.21761 1.13141e-321
x:     3.87734      -9.2176 1.13141e-321
x:     3.93605     -9.19357 1.13141e-321
x:     3.93608     -9.19356 1.13141e-321
x:     3.99392     -9.16803 1.13141e-321
x:     3.99395     -9.16802 1.13141e-321
x:     4.05052     -9.14226 1.13141e-321
x:     4.05055     -9.14225 1.13141e-321
x:      4.1073     -9.11807 1.13141e-321
x:     4.10732     -9.11805 1.13141e-321
x:     4.16496     -9.09153 1.13141e-321
x:     4.16499     -9.09151 1.13141e-321
x:     4.22324     -9.06469 1.13141e-321
x:     4.22327     -9.06468 1.13141e-321
x:     4.28081     -9.03717 1.13141e-321
x:     4.28083     -9.03716 1.13141e-321
x:     4.33669     -9.01169 1.13141e-321
x:     4.33672     -9.01168 1.13141e-321
x:     4.39277     -8.98508 1.13141e-321
x:      4.3928     -8.98507 1.13141e-321
x:     4.44883     -8.95604 1.13141e-321
x:     4.44886     -8.95603 1.13141e-321
x:     4.50554     -8.92892 1.13141e-321
x:     4.50557     -8.92891 1.13141e-321
x:     4.56092     -8.89973 1.13141e-321
x:     4.56095     -8.89971 1.13141e-321
x:     4.61668     -8.86964 1.13141e-321
x:     4.61671     -8.86963 1.13141e-321
x:       4.673     -8.84058 1.13141e-321
x:     4.67303     -8.84057 1.13141e-321
x:     4.72768     -8.81135 1.13141e-321
x:     4.72771     -8.81133 1.13141e-321
x:     4.78311     -8.78293 1.13141e-321
x:     4.78314     -8.78292 1.13141e-321
x:     4.83903      -8.7523 1.13141e-321
x:     4.83906     -8.75229 1.13141e-321
x:     4.89287     -8.72124 1.13141e-321
x:      4.8929     -8.72123 1.13141e-321
x:     4.94895     -8.68925 1.13141e-321
x:     4.94897     -8.68923 1.13141e-321
x:     5.00157     -8.65774 1.13141e-321
x:      5.0016     -8.65773 1.13141e-321
x:     5.05666     -8.62767 1.13141e-321
x:     5.05669     -8.62765 1.13141e-321
x:     5.11015     -8.59546 1.13141e-321
x:     5.11018     -8.59544 1.13141e-321
x:      5.1641     -8.56243 1.13141e-321
x:     5.16413     -8.56242 1.13141e-321
x:     5.21832     -8.53054 1.13141e-321
x:     5.21835     -8.53052 1.13141e-321
x:     5.27374     -8.49715 1.13141e-321
x:     5.27377     -8.49714 1.13141e-321
x:     5.32603     -8.46328 1.13141e-321
x:     5.32606     -8.46327 1.13141e-321
x:     5.37918     -8.42879 1.13141e-321
x:      5.3792     -8.42878 1.13141e-321
x:     5.43111     -8.39589 1.13141e-321
x:     5.43113     -8.39588 1.13141e-321
x:      5.4838     -8.36224 1.13141e-321
x:     5.48383     -8.36223 1.13141e-321
x:     5.53556     -8.32817 1.13141e-321
x:     5.53558     -8.32815 1.13141e-321
x:     5.58801     -8.29378 1.13141e-321
x:     5.58803     -8.29376 1.13141e-321
x:     5.64047     -8.25775 1.13141e-321
x:     5.64049     -8.25773 1.13141e-321
x:     5.69185     -8.22241 1.13141e-321
x:     5.69187     -8.22239 1.13141e-321
x:      5.7433     -8.18601 1.13141e-321
x:     5.74332     -8.18599 1.13141e-321
x:     5.79508     -8.14927 1.13141e-321
x:     5.79511     -8.14925 1.13141e-321
x:      5.8473      -8.1125 1.13141e-321
x:     5.84733     -8.11248 1.13141e-321
x:     5.89735     -8.07603 1.13141e-321
x:     5.89738     -8.07601 1.13141e-321
x:     5.94791     -8.03872 1.13141e-321
x:     5.94794      -8.0387 1.13141e-321
x:     5.99908     -7.99989 1.13141e-321
x:      5.9991     -7.99988 1.13141e-321
x:     6.04794     -7.96352 1.13141e-321
x:     6.04796      -7.9635 1.13141e-321
x:     6.09687     -7.92425 1.13141e-321
x:     6.09689     -7.92423 1.13141e-321
x:     6.14696     -7.88704 1.13141e-321
x:     6.14698     -7.88702 1.13141e-321
x:     6.19736     -7.84795 1.13141e-321
x:     6.19738     -7.84794 1.13141e-321
x:     6.24631     -7.80819 1.13141e-321
x:     6.24634     -7.80817 1.13141e-321
x:     6.29631     -7.77006 1.13141e-321
x:     6.29633     -7.77004 1.13141e-321
x:     6.34509     -7.73012 1.13141e-321
x:     6.34511      -7.7301 1.13141e-321
x:     6.39319     -7.69013 1.13141e-321
x:     6.39321     -7.69011 1.13141e-321
x:     6.44215     -7.64992 1.13141e-321
x:     6.44217      -7.6499 1.13141e-321
x:     6.48817     -7.60845 1.13141e-321
x:     6.48819     -7.60843 1.13141e-321
x:     6.53694      -7.5682 1.13141e-321
x:     6.53697     -7.56818 1.13141e-321
x:      6.5842     -7.52602 1.13141e-321
x:     6.58423       -7.526 1.13141e-321
x:     6.63162     -7.48515 1.13141e-321
x:     6.63164     -7.48513 1.13141e-321
x:     6.67762     -7.44388 1.13141e-321
x:     6.67764     -7.44386 1.13141e-321
x:     6.72336     -7.40136 1.13141e-321
x:     6.72338     -7.40134 1.13141e-321
x:     6.77026     -7.35909 1.13141e-321
x:     6.77028     -7.35907 1.13141e-321
x:     6.81605     -7.31511 1.13141e-321
x:     6.81608     -7.31509 1.13141e-321
x:     6.86217     -7.27294 1.13141e-321
x:      6.8622     -7.27292 1.13141e-321
x:     6.90853     -7.22972 1.13141e-321
x:     6.90855      -7.2297 1.13141e-321
x:     6.95459     -7.18686 1.13141e-321
x:     6.95461     -7.18683 1.13141e-321
x:     6.99875     -7.14378 1.13141e-321
x:     6.99877     -7.14376 1.13141e-321
x:     7.04297     -7.09837 1.13141e-321
x:       7.043     -7.09835 1.13141e-321
x:     7.08644     -7.05413 1.13141e-321
x:     7.08646     -7.05411 1.13141e-321
x:     7.13145     -7.00916 1.13141e-321
x:     7.13147     -7.00914 1.13141e-321
x:     7.17551     -6.96412 1.13141e-321
x:     7.17553      -6.9641 1.13141e-321
x:     7.21952      -6.9198 1.13141e-321
x:     7.21954     -6.91978 1.13141e-321
x:     7.26269     -6.87351 1.13141e-321
x:     7.26272     -6.87349 1.13141e-321
x:     7.30679     -6.82748 1.13141e-321
x:     7.30681     -6.82746 1.13141e-321
x:     7.34926     -6.78112 1.13141e-321
x:     7.34928      -6.7811 1.13141e-321
x:      7.3924     -6.73479 1.13141e-321
x:     7.39242     -6.73476 1.13141e-321
x:     7.43454     -6.68802 1.13141e-321
x:     7.43456     -6.68799 1.13141e-321
x:     7.47522     -6.64091 1.13141e-321
x:     7.47524     -6.64089 1.13141e-321
x:     7.51709     -6.59455 1.13141e-321
x:     7.51711     -6.59452 1.13141e-321
x:     7.55821     -6.54801 1.13141e-321
x:     7.55823     -6.54798 1.13141e-321
x:     7.60001     -6.49994 1.13141e-321
x:     7.60003     -6.49992 1.13141e-321
x:     7.64015     -6.45125 1.13141e-321
x:     7.64017     -6.45122 1.13141e-321
x:     7.67984     -6.40374 1.13141e-321
x:     7.67986     -6.40372 1.13141e-321
x:     7.72012      -6.3554 1.13141e-321
x:     7.72014     -6.35537 1.13141e-321
x:     7.76077      -6.3067 1.13141e-321
x:     7.76079     -6.30667 1.13141e-321
x:     7.79984     -6.25902 1.13141e-321
x:     7.79986     -6.25899 1.13141e-321
x:     7.83769     -6.20896 1.13141e-321
x:     7.83771     -6.20893 1.13141e-321
x:     7.87756     -6.15889 1.13141e-321
x:     7.87758     -6.15887 1.13141e-321
x:     7.91583     -6.10987 1.13141e-321
x:     7.91585     -6.10985 1.13141e-321
x:     7.95472     -6.05984 1.13141e-321
x:     7.95474     -6.05982 1.13141e-321
x:      7.9937     -6.01027 1.13141e-321
x:     7.99372     -6.01024 1.13141e-321
x:     8.03017     -5.95924 1.13141e-321
x:     8.03018     -5.95921 1.13141e-321
x:     8.06584     -5.90886 1.13141e-321
x:     8.06586     -5.90883 1.13141e-321
x:     8.10354     -5.85718 1.13141e-321
x:     8.10355     -5.85716 1.13141e-321
x:     8.14067     -5.80629 1.13141e-321
x:     8.14069     -5.80627 1.13141e-321
x:     8.17748     -5.75617 1.13141e-321
x:      8.1775     -5.75614 1.13141e-321
x:     8.21406     -5.70432 1.13141e-321
x:     8.21407      -5.7043 1.13141e-321
x:     8.24827     -5.65277 1.13141e-321
x:     8.24829     -5.65274 1.13141e-321
x:     8.28307     -5.60063 1.13141e-321
x:     8.28309      -5.6006 1.13141e-321
x:     8.31781     -5.54946 1.13141e-321
x:     8.31783     -5.54943 1.13141e-321
x:     8.35265     -5.49782 1.13141e-321
x:     8.35267     -5.49779 1.13141e-321
x:     8.38695     -5.44425 1.13141e-321
x:     8.38696     -5.44423 1.13141e-321
x:     8.42187     -5.39126 1.13141e-321
x:     8.42189     -5.39123 1.13141e-321
x:     8.45601     -5.33835 1.13141e-321
x:     8.45603     -5.33833 1.13141e-321
x:     8.48794     -5.28506 1.13141e-321
x:     8.48796     -5.28504 1.13141e-321
x:     8.52196     -5.23255 1.13141e-321
x:     8.52197     -5.23252 1.13141e-321
x:     8.55443     -5.17859 1.13141e-321
x:     8.55445     -5.17857 1.13141e-321
x:     8.58794     -5.12355 1.13141e-321
x:     8.58796     -5.12352 1.13141e-321
x:     8.61918     -5.07031 1.13141e-321
x:      8.6192     -5.07028 1.13141e-321
x:     8.65131     -5.01519 1.13141e-321
x:     8.65133     -5.01516 1.13141e-321
x:     8.68169      -4.9612 1.13141e-321
x:      8.6817     -4.96117 1.13141e-321
x:     8.71365     -4.90729 1.13141e-321
x:     8.71366     -4.90726 1.13141e-321
x:     8.74376     -4.85278 1.13141e-321
x:     8.74377     -4.85275 1.13141e-321
x:     8.77331     -4.79695 1.13141e-321
x:     8.77332     -4.79692 1.13141e-321
x:      8.8042     -4.74127 1.13141e-321
x:     8.80421     -4.74124 1.13141e-321
x:     8.83387     -4.68577 1.13141e-321
x:     8.83389     -4.68574 1.13141e-321
x:     8.86333     -4.63115 1.13141e-321
x:     8.86335     -4.63112 1.13141e-321
x:     8.89149     -4.57464 1.13141e-321
x:     8.89151     -4.57461 1.13141e-321
x:     8.91931      -4.5185 1.13141e-321
x:     8.91933     -4.51847 1.13141e-321
x:     8.94854     -4.46237 1.13141e-321
x:     8.94856     -4.46234 1.13141e-321
x:     8.97688      -4.4073 1.13141e-321
x:     8.97689     -4.40727 1.13141e-321
x:      9.0043     -4.34877 1.13141e-321
x:     9.00431     -4.34875 1.13141e-321
x:     9.03023     -4.29284 1.13141e-321
x:     9.03024     -4.29281 1.13141e-321
x:     9.05738     -4.23602 1.13141e-321
x:     9.05739     -4.23599 1.13141e-321
x:     9.08475     -4.17929 1.13141e-321
x:     9.08476     -4.17926 1.13141e-321
x:     9.11048     -4.12234 1.13141e-321
x:     9.11049     -4.12231 1.13141e-321
x:     9.13676     -4.06528 1.13141e-321
x:     9.13677     -4.06525 1.13141e-321
x:     9.16187     -4.00772 1.13141e-321
x:     9.16188      -4.0077 1.13141e-321
x:      9.1873     -3.94985 1.13141e-321
x:     9.18731     -3.94982 1.13141e-321
x:     9.21092     -3.89168 1.13141e-321
x:     9.21093     -3.89165 1.13141e-321
x:     9.23574     -3.83502 1.13141e-321
x:     9.23576     -3.83499 1.13141e-321
x:     9.26041     -3.77529 1.13141e-321
x:     9.26042     -3.77526 1.13141e-321
x:     9.28283     -3.71733 1.13141e-321
x:     9.28284      -3.7173 1.13141e-321
x:     9.30644     -3.65907 1.13141e-321
x:     9.30645     -3.65904 1.13141e-321
x:     9.32977     -3.60081 1.13141e-321
x:     9.32978     -3.60078 1.13141e-321
x:     9.35232     -3.54184 1.13141e-321
x:     9.35233     -3.54181 1.13141e-321
x:     9.37438     -3.48269 1.13141e-321
x:     9.37439     -3.48266 1.13141e-321
x:     9.39465     -3.42351 1.13141e-321
x:     9.39467     -3.42348 1.13141e-321
x:     9.41694     -3.36421 1.13141e-321
x:     9.41695     -3.36418 1.13141e-321
x:      9.4364     -3.30516 1.13141e-321
x:     9.43641     -3.30513 1.13141e-321
x:      9.4573     -3.24531 1.13141e-321
x:     9.45731     -3.24528 1.13141e-321
x:     9.47825     -3.18615 1.13141e-321
x:     9.47826     -3.18612 1.13141e-321
x:     9.49876     -3.12658 1.13141e-321
x:     9.49877     -3.12655 1.13141e-321
x:     9.51782      -3.0675 1.13141e-321
x:     9.51783     -3.06747 1.13141e-321
x:     9.53642     -3.00678 1.13141e-321
x:     9.53643     -3.00675 1.13141e-321
x:     9.55564     -2.94632 1.13141e-321
x:     9.55565     -2.94629 1.13141e-321
x:     9.57295     -2.88661 1.13141e-321
x:     9.57296     -2.88658 1.13141e-321
x:     9.58979     -2.82784 1.13141e-321
x:      9.5898     -2.82781 1.13141e-321
x:      9.6084     -2.76657 1.13141e-321
x:     9.60841     -2.76654 1.13141e-321
x:     9.62734     -2.70626 1.13141e-321
x:     9.62735     -2.70623 1.13141e-321
x:     9.64363     -2.64421 1.13141e-321
x:     9.64364     -2.64418 1.13141e-321
x:     9.66025     -2.58455 1.13141e-321
x:     9.66026     -2.58452 1.13141e-321
x:     9.67586     -2.52366 1.13141e-321
x:     9.67586     -2.52363 1.13141e-321
x:     9.69189     -2.46287 1.13141e-321
x:      9.6919     -2.46284 1.13141e-321
x:      9.7069     -2.40287 1.13141e-321
x:     9.70691     -2.40284 1.13141e-321
x:     9.72264     -2.34134 1.13141e-321
x:     9.72265     -2.34131 1.13141e-321
x:     9.73651     -2.28146 1.13141e-321
x:     9.73652     -2.28143 1.13141e-321
x:      9.7497     -2.21899 1.13141e-321
x:     9.74971     -2.21896 1.13141e-321
x:     9.76406     -2.15845 1.13141e-321
x:     9.76407     -2.15842 1.13141e-321
x:     9.77669     -2.09708 1.13141e-321
x:     9.77669     -2.09705 1.13141e-321
x:     9.79095     -2.03584 1.13141e-321
x:     9.79095     -2.03581 1.13141e-321
x:     9.80367     -1.97458 1.13141e-321
x:     9.80367     -1.97455 1.13141e-321
x:     9.81435     -1.91181 1.13141e-321
x:     9.81436     -1.91178 1.13141e-321
x:     9.82666     -1.85155 1.13141e-321
x:     9.82667     -1.85152 1.13141e-321
x:      9.8393     -1.78909 1.13141e-321
x:      9.8393     -1.78906 1.13141e-321
x:     9.84966     -1.72715 1.13141e-321
x:     9.84967     -1.72712 1.13141e-321
x:     9.86064      -1.6643 1.13141e-321
x:     9.86065     -1.66427 1.13141e-321
x:     9.87091     -1.60206 1.13141e-321
x:     9.87092     -1.60203 1.13141e-321
x:     9.88143     -1.54046 1.13141e-321
x:     9.88143     -1.54043 1.13141e-321
x:     9.89107     -1.47832 1.13141e-321
x:     9.89108     -1.47829 1.13141e-321
x:     9.90038     -1.41596 1.13141e-321
x:     9.90038     -1.41593 1.13141e-321
x:      9.9085     -1.35397 1.13141e-321
x:      9.9085     -1.35394 1.13141e-321
x:     9.91626     -1.29264 1.13141e-321
x:     9.91627     -1.29261 1.13141e-321
x:     9.92377     -1.22964 1.13141e-321
x:     9.92378     -1.22961 1.13141e-321
x:     9.93206     -1.16737 1.13141e-321
x:     9.93207     -1.16734 1.13141e-321
x:     9.93845     -1.10531 1.13141e-321
x:     9.93845     -1.10528 1.13141e-321
x:     9.94403     -1.04213 1.13141e-321
x:     9.94403      -1.0421 1.13141e-321
x:     9.95263    -0.978509 1.13141e-321
x:     9.95263    -0.978477 1.13141e-321
x:     9.95764    -0.917116 1.13141e-321
x:     9.95764    -0.917084 1.13141e-321
x:     9.96367    -0.854693 1.13141e-321
x:     9.96368    -0.854662 1.13141e-321
x:     9.96919    -0.793077 1.13141e-321
x:     9.96919    -0.793046 1.13141e-321
x:     9.97393    -0.729497 1.13141e-321
x:     9.97393    -0.729466 1.13141e-321
x:     9.97679    -0.667152 1.13141e-321
x:     9.97679    -0.667121 1.13141e-321
x:      9.9827    -0.603836 1.13141e-321
x:      9.9827    -0.603804 1.13141e-321
x:     9.98512    -0.541102 1.13141e-321
x:     9.98513    -0.541071 1.13141e-321
x:     9.98782    -0.477935 1.13141e-321
x:     9.98783    -0.477904 1.13141e-321
x:     9.99109     -0.41554 1.13141e-321
x:     9.99109    -0.415508 1.13141e-321
x:     9.99277    -0.353437 1.13141e-321
x:     9.99277    -0.353406 1.13141e-321
x:      9.9948    -0.290777 1.13141e-321
x:      9.9948    -0.290746 1.13141e-321
x:     9.99769    -0.226752 1.13141e-321
x:      9.9977    -0.226721 1.13141e-321
x:     9.99747    -0.163888 1.13141e-321
x:     9.99747    -0.163856 1.13141e-321
x:     9.99953    -0.101664 1.13141e-321
x:     9.99953    -0.101664 1.13141e-321
