6.31593 -23.3079 -0.00125664 
6.31345 -23.1827 -0.00376991 
6.31128 -23.0575 -0.00628319 
6.30789 -22.9322 -0.0113097 
6.30512 -22.8081 -0.0150796 
6.30173 -22.6833 -0.0201062 
6.29789 -22.558 -0.0263894 
6.29437 -22.433 -0.0339292 
6.29073 -22.3074 -0.0427257 
6.28707 -22.1823 -0.0515221 
9.97944 0.625929 -0.0603186 
9.97694 0.751722 -0.0703717 
9.97616 0.875151 -0.0791681 
9.97544 0.999283 -0.0892212 
9.97493 1.12413 -0.100531 
9.97481 1.24969 -0.113097 
9.97512 1.37474 -0.125664 
9.97649 1.49936 -0.139487 
9.97957 1.62395 -0.15331 
9.98386 1.74808 -0.168389 
9.98808 1.87371 -0.185982 
9.92111 1.25321 -0.203575 
9.92855 1.37822 -0.221168 
9.93819 1.50307 -0.238761 
9.94946 1.62739 -0.257611 
9.96187 1.75113 -0.27646 
9.97603 1.87428 -0.296566 
9.99181 1.99803 -0.317929 
10.0094 2.12234 -0.340549 
10.0285 2.24599 -0.363168 
10.0505 2.36917 -0.385788 
10.0746 2.49156 -0.409664 
9.82157 1.87303 -0.43354 
9.85024 1.99401 -0.457416 
9.88117 2.11404 -0.482549 
9.91443 2.23431 -0.508938 
9.94959 2.35364 -0.535327 
9.98726 2.47182 -0.562973 
10.0276 2.59001 -0.591876 
10.0707 2.70811 -0.622035 
10.1162 2.82498 -0.652195 
10.165 2.93916 -0.682354 
10.2167 3.05299 -0.71377 
9.68639 2.48728 -0.745186 
9.74454 2.59759 -0.777858 
9.80503 2.70626 -0.810531 
9.86874 2.81411 -0.84446 
9.93541 2.91976 -0.879646 
10.0046 3.02344 -0.914832 
10.0767 3.12468 -0.951274 
10.1523 3.22448 -0.988973 
10.2305 3.32192 -1.02667 
10.3117 3.41523 -1.06437 
10.3953 3.50607 -1.10207 
9.50718 3.08928 -1.13977 
9.59861 3.17533 -1.17998 
9.69166 3.25739 -1.22019 
9.78814 3.33688 -1.26166 
9.88605 3.41222 -1.30313 
9.9873 3.48464 -1.34586 
10.0915 3.55268 -1.38858 
10.1978 3.61716 -1.43131 
10.3062 3.67742 -1.47529 
10.416 3.73213 -1.51927 
10.5293 3.78419 -1.56577 
9.29704 3.68207 -1.61227 
9.41343 3.72344 -1.6575 
9.53115 3.76 -1.704 
9.65118 3.79204 -1.75175 
9.77219 3.8195 -1.7995 
9.894 3.84171 -1.84851 
10.0164 3.85915 -1.89752 
10.1393 3.87115 -1.94779 
10.2626 3.87696 -1.99805 
10.3881 3.87805 -2.05083 
10.5121 3.87371 -2.10361 
9.04911 4.25723 -2.15639 
9.17198 4.23985 -2.20917 
9.29365 4.21667 -2.2632 
9.4141 4.18819 -2.31724 
9.5328 4.1539 -2.37253 
9.64976 4.11432 -2.42782 
9.76439 4.069 -2.48437 
9.87751 4.01745 -2.54218 
9.98758 3.9601 -2.60124 
10.0947 3.89745 -2.6603 
10.1981 3.82923 -2.72062 
8.7638 4.81569 -2.78094 
8.85903 4.7365 -2.84126 
8.94931 4.65171 -2.90157 
9.03464 4.56221 -2.96315 
9.11527 4.46844 -3.02473 
9.19036 4.37041 -3.08756 
9.26028 4.26731 -3.15165 
9.32392 4.16166 -3.21573 
9.38171 4.05145 -3.28108 
9.43269 3.93812 -3.34768 
9.47722 3.82204 -3.41428 
8.44335 5.357 -3.48088 
8.47265 5.23634 -3.54874 
8.4942 5.11511 -3.61534 
8.50832 4.99167 -3.6832 
8.51468 4.86774 -3.75232 
8.51383 4.74481 -3.82143 
8.50494 4.62107 -3.8918 
8.48776 4.49707 -3.96343 
8.46332 4.37546 -4.03506 
8.43044 4.25467 -4.10795 
8.38939 4.13775 -4.18083 
8.08841 5.87817 -4.25372 
8.03187 5.76775 -4.3266 
7.96804 5.66149 -4.40074 
7.89712 5.55997 -4.47614 
7.81962 5.46317 -4.55154 
7.73559 5.37211 -4.62819 
7.64431 5.28661 -4.70611 
7.54899 5.20912 -4.78276 
7.44733 5.13812 -4.86067 
7.34209 5.07454 -4.93858 
7.23138 5.01842 -5.01775 
7.70525 6.37404 -5.09692 
17.3857 14.117 1.1071 
17.2652 14.0866 1.02667 
17.1428 14.0654 0.944991 
17.0204 14.0541 0.86331 
16.8972 14.0516 0.781628 
16.773 14.0588 0.69869 
16.6506 14.0747 0.615752 
16.5298 14.1 0.531557 
16.411 14.1342 0.447363 
16.2942 14.1785 0.361911 
7.28988 6.84454 0.27646 
7.18323 6.9071 0.191009 
7.08219 6.97675 0.105558 
6.98631 7.05527 0.0188496 
6.89715 7.14132 -0.069115 
6.81476 7.2343 -0.15708 
6.74131 7.33299 -0.245044 
6.6756 7.4374 -0.333009 
6.61874 7.54687 -0.42223 
6.57111 7.66199 -0.512708 
6.53284 7.77965 -0.603186 
6.84539 7.2888 -0.693664 
6.82847 7.4126 -0.785398 
6.82176 7.53533 -0.875876 
6.82594 7.6594 -0.967611 
6.84081 7.78266 -1.0606 
6.86598 7.90465 -1.15359 
6.90175 8.024 -1.24784 
6.94657 8.13811 -1.34083 
7.00215 8.24877 -1.43508 
7.06736 8.35409 -1.53058 
7.14164 8.45378 -1.62609 
6.37406 7.70422 -1.72159 
6.46551 7.78851 -1.81835 
6.56433 7.86414 -1.91637 
6.6689 7.93015 -2.01313 
6.78037 7.98648 -2.11115 
6.89665 8.03226 -2.21042 
7.01464 8.06718 -2.30844 
7.13667 8.09077 -2.40772 
7.25962 8.10375 -2.50699 
7.38449 8.10463 -2.60752 
7.50897 8.09361 -2.70931 
5.87722 8.0904 -2.8111 
5.9969 8.05444 -2.91288 
6.11264 8.00707 -3.01593 
6.22313 7.94982 -3.11897 
6.32825 7.88092 -3.22327 
6.42508 7.80259 -3.32757 
6.51442 7.71502 -3.43188 
6.59473 7.61895 -3.53743 
6.66447 7.51496 -3.64299 
6.72409 7.4055 -3.74855 
6.7725 7.29049 -3.85536 
5.35855 8.4417 -3.96218 
5.38268 8.31868 -4.06899 
5.39405 8.19495 -4.1758 
5.39388 8.0712 -4.28262 
5.38042 7.94693 -4.39069 
5.35422 7.82456 -4.50002 
5.31605 7.70603 -4.60809 
5.26584 7.59192 -4.71742 
5.20348 7.48396 -4.82674 
5.13138 7.3828 -4.93607 
5.04903 7.28956 -5.04665 
4.81743 8.764 -5.15724 
4.71674 8.68984 -5.26782 
4.60974 8.62721 -5.37841 
4.49631 8.57552 -5.48899 
4.37908 8.53635 -5.59957 
4.25702 8.51014 -5.71142 
4.13268 8.49708 -5.82451 
4.008 8.49638 -5.93761 
3.88405 8.50976 0.232478 
3.76235 8.53525 0.119381 
3.64315 8.5748 0.00502655 
4.25778 9.04961 -0.109327 
4.15116 9.114 -0.223681 
4.05176 9.18855 -0.338035 
3.96151 9.27396 -0.452389 
3.88034 9.36901 -0.566743 
3.80991 9.47255 -0.682354 
3.75123 9.58343 -0.799221 
3.70589 9.70041 -0.916088 
3.67332 9.82235 -1.03296 
3.65351 9.94551 -1.14857 
3.64816 10.0714 -1.26543 
3.68436 9.29769 -1.3823 
3.70735 9.42055 -1.49917 
3.7438 9.54094 -1.61604 
3.79358 9.65673 -1.73416 
3.85666 9.76585 -1.85228 
3.93062 9.86769 -1.97041 
4.01581 9.96071 -2.08979 
4.11039 10.0435 -2.20791 
4.21282 10.1148 -2.32604 
4.32413 10.1738 -2.44542 
4.44171 10.2199 -2.56605 
3.0897 9.51093 -2.68669 
3.21328 9.52936 -2.80607 
3.33942 9.53272 -2.92671 
3.46418 9.5218 -3.04734 
3.58775 9.49669 -3.16798 
3.7068 9.45799 -3.28862 
3.8215 9.40572 -3.40926 
3.92963 9.34036 -3.53115 
4.02933 9.26475 -3.65179 
4.11984 9.17661 -3.77368 
4.19911 9.07939 -3.89557 
2.48664 9.68512 -4.01747 
2.54128 9.5712 -4.13936 
2.58223 9.45261 -4.26126 
2.60909 9.32972 -4.38441 
2.62183 9.20486 -4.5063 
2.61986 9.07903 -4.62945 
2.60244 8.9544 -4.7526 
2.57221 8.83339 -4.8745 
2.52789 8.71642 -4.99765 
2.46864 8.60492 -5.12205 
2.39841 8.50127 -5.2452 
1.8748 9.82424 -5.36835 
13.3052 14.6107 0.790425 
13.2023 14.5389 0.666018 
13.0919 14.4794 0.542867 
12.9762 14.4333 0.419717 
12.855 14.4008 0.296566 
12.7304 14.3828 0.172159 
12.6046 14.3804 0.0477522 
12.479 14.3919 -0.0766549 
12.3564 14.4178 -0.201062 
12.2379 14.4586 -0.325469 
1.25372 9.9226 -0.449876 
1.14836 9.99115 -0.57554 
1.05174 10.0713 -0.699947 
0.965591 10.1616 -0.824354 
0.891028 10.2631 -0.950018 
0.828235 10.3713 -1.07442 
0.779373 10.4876 -1.20009 
0.743527 10.6078 -1.3245 
0.721962 10.7306 -1.4489 
0.716278 10.8562 -1.57457 
0.725294 10.981 -1.70023 
0.629334 9.98003 -1.82589 
0.668754 10.0998 -1.95156 
0.721629 10.2136 -2.07722 
0.788146 10.3204 -2.20414 
0.866647 10.4187 -2.32981 
0.956849 10.5064 -2.45547 
1.05615 10.5826 -2.58113 
1.16368 10.6474 -2.7068 
1.27848 10.6982 -2.83246 
1.39781 10.7351 -2.95812 
1.52059 10.7579 -3.08253 
0.000182735 9.99918 -3.20694 
0.125297 9.99154 -3.3326 
0.248051 9.96947 -3.45827 
0.368307 9.93246 -3.58393 
0.482869 9.88192 -3.70959 
0.590194 9.81742 -3.83526 
0.689032 9.73881 -3.96218 
0.778407 9.65038 -4.08784 
0.85651 9.5526 -4.2135 
0.921742 9.4458 -4.33917 
0.974849 9.33188 -4.46483 
-0.627182 9.98083 -4.5905 
-0.603069 9.85804 -4.71616 
-0.595631 9.73256 -4.84182 
-0.601573 9.60747 -4.96623 
-0.622645 9.48352 -5.09189 
-0.65811 9.36397 -5.2163 
-0.707938 9.24911 -5.34196 
-0.770758 9.14067 -5.46637 
-0.846513 9.04021 -5.59203 
-0.934261 8.95003 -5.7177 
-1.03083 8.86993 -5.84211 
-1.2538 9.92025 -5.96651 
-1.36712 9.86639 0.192265 
-1.48625 9.82701 0.0678584 
-1.60856 9.80042 -0.055292 
-1.73369 9.7886 -0.179699 
-1.85931 9.79241 -0.304106 
-1.9836 9.80934 -0.427257 
-2.10486 9.84142 -0.550407 
-2.22129 9.88689 -0.673557 
-2.33172 9.94747 -0.797965 
-2.43502 10.0192 -0.921115 
-1.87507 9.82261 -1.04427 
-1.95776 9.91736 -1.16742 
-2.02908 10.0193 -1.28931 
-2.08719 10.1304 -1.41246 
-2.13219 10.2469 -1.53561 
-2.16378 10.3681 -1.6575 
-2.18154 10.4917 -1.7794 
-2.18415 10.6165 -1.90129 
-2.17305 10.7417 -2.02319 
-2.14784 10.8639 -2.14382 
-2.10825 10.9828 -2.26572 
-2.48532 9.68519 -2.38761 
-2.4182 9.79105 -2.5095 
-2.33986 9.88847 -2.6314 
-2.25026 9.97564 -2.75329 
-14.5627 11.6335 -2.87393 
-14.456 11.6987 -2.99457 
-14.3423 11.7505 -3.1152 
-14.2238 11.7907 -3.23458 
-14.1014 11.8164 -3.35396 
-13.9772 11.8286 -3.47334 
-17.9575 0.00671359 -3.59273 
-3.09074 9.51147 -3.71211 
-2.97008 9.4806 -3.83149 
-2.85315 9.43654 -3.94961 
-2.74193 9.37779 -4.06899 
-2.638 9.30738 -4.18837 
-2.54256 9.22619 -4.30775 
-2.45619 9.13594 -4.42462 
-2.38121 9.03502 -4.54274 
-2.31768 8.92678 -4.66087 
-2.26679 8.81292 -4.77773 
-2.22952 8.69391 -4.8946 
-3.68252 9.29801 -5.01147 
-3.67263 9.17323 -5.12708 
-3.67595 9.04828 -5.24269 
-3.6924 8.92454 -5.3583 
-3.72301 8.80353 -5.47391 
-3.76738 8.68686 -5.58952 
-3.82292 8.57468 -5.70388 
-3.8909 8.46958 -5.81823 
-3.96938 8.37222 -5.93258 
-4.05844 8.28446 0.236248 
-4.15666 8.20622 0.12315 
-4.25624 9.04723 0.0100531 
-4.36885 8.99192 -0.103044 
-4.48699 8.94967 -0.216142 
-4.60875 8.91982 -0.329239 
-4.73227 8.90297 -0.44108 
-4.85751 8.89978 -0.554177 
-4.98238 8.90857 -0.664761 
-5.10551 8.9311 -0.775345 
-5.22571 8.96585 -0.885929 
-5.34134 9.01366 -0.996513 
-5.451 9.07393 -1.1071 
-4.81844 8.76422 -1.21768 
-4.913 8.84611 -1.32827 
-4.99829 8.93672 -1.43759 
-5.07318 9.03611 -1.54692 
-5.13911 9.14238 -1.65499 
-5.19319 9.25514 -1.76306 
-5.23679 9.37172 -1.86988 
-5.26558 9.49342 -1.97795 
-5.28448 9.61711 -2.0835 
-5.2915 9.74208 -2.18906 
-5.28531 9.8671 -2.29462 
-5.35749 8.44466 -2.40018 
-5.32524 8.56561 -2.50573 
-5.28159 8.68298 -2.61129 
-5.22582 8.79511 -2.71685 
-5.1603 8.90198 -2.81989 
-5.08374 9.00037 -2.92419 
-4.99848 9.0924 -3.02724 
-4.90421 9.17517 -3.13028 
-4.80301 9.24841 -3.23207 
-4.6949 9.31099 -3.33386 
-4.5814 9.36345 -3.43565 
-5.87662 8.09149 -3.53743 
-5.75563 8.12091 -3.63796 
-5.63229 8.13804 -3.7385 
-5.50707 8.145 -3.83777 
-5.38177 8.13951 -3.93704 
-5.25796 8.12284 -4.03506 
-5.13591 8.09531 -4.13308 
-5.01715 8.05597 -4.2311 
-4.90281 8.0052 -4.32911 
-4.79382 7.94472 -4.42588 
-4.69031 7.87492 -4.52264 
-6.37562 7.70559 -4.6194 
-6.28747 7.61718 -4.71616 
-6.20766 7.52175 -4.81166 
-6.13616 7.41968 -4.90717 
-6.07471 7.31125 -5.00267 
2.9984 15.8678 1.18627 
3.03926 15.7505 1.09202 
3.07128 15.6294 0.999026 
3.09302 15.5064 0.907292 
3.1034 15.3819 0.815557 
3.10233 15.257 0.723823 
-6.84597 7.28901 0.632088 
-6.86741 7.16603 0.541611 
-6.89987 7.0455 0.451133 
-6.94255 6.92726 0.361911 
-16.7993 14.7795 0.27269 
-16.8611 14.6704 0.184726 
-16.9304 14.567 0.0967611 
-17.0085 14.4689 0.0100531 
-17.0947 14.3792 -0.0779115 
-17.1869 14.2955 -0.164619 
-17.2862 14.2189 -0.250071 
-7.28829 6.84503 -0.335522 
-7.39836 6.7855 -0.419717 
-7.51305 6.73544 -0.503911 
-7.63154 6.6952 -0.588106 
-7.75243 6.66396 -0.671044 
-7.8749 6.64256 -0.755239 
-7.99959 6.63063 -0.838177 
-8.12457 6.62784 -0.919858 
-8.24919 6.63403 -1.00028 
-8.37291 6.6502 -1.08071 
-8.49497 6.67501 -1.15988 
-7.7049 6.3738 -1.23904 
-7.82234 6.41659 -1.31821 
-7.93603 6.46854 -1.39738 
-8.04567 6.52813 -1.47529 
-8.15035 6.59608 -1.5532 
-8.25001 6.67087 -1.62986 
-8.34365 6.75307 -1.70651 
-8.43148 6.8412 -1.78191 
-8.51363 6.93531 -1.85731 
-8.58935 7.03447 -1.93145 
-8.65752 7.13897 -2.00559 
-8.09164 5.87931 -2.07973 
-8.14469 5.99208 -2.15262 
-8.18939 6.10841 -2.2255 
-8.22665 6.2272 -2.29713 
-8.25655 6.34861 -2.36876 
-8.27889 6.47152 -2.43913 
-8.29377 6.59547 -2.50825 
-8.30005 6.72014 -2.57736 
-8.29895 6.8449 -2.64522 
-8.2894 6.96929 -2.71308 
-8.27268 7.09285 -2.77968 
-8.44246 5.3587 -2.84628 
-8.40948 5.47895 -2.91288 
-8.36977 5.59709 -2.97823 
-8.32243 5.71239 -3.04357 
-8.26955 5.82588 -3.10766 
-8.21061 5.93633 -3.1705 
-8.1449 6.04161 -3.23458 
-8.07348 6.14443 -3.29616 
-7.99588 6.24266 -3.35773 
-7.91331 6.33676 -3.41805 
-7.82609 6.4266 -3.47711 
-8.76204 4.81854 -3.53618 
-8.66533 4.89632 -3.5965 
-8.56426 4.97029 -3.6543 
-8.45908 5.0383 -3.71211 
-8.35142 5.10017 -3.76991 
-8.24088 5.15685 -3.82646 
-8.12731 5.2072 -3.88301 
-8.01146 5.25224 -3.9383 
-7.89297 5.29202 -3.99359 
-7.77311 5.32522 -4.04763 
-7.65136 5.35431 -4.10041 
-9.0481 4.25989 -4.15319 
-8.92396 4.27599 -4.20596 
-8.79913 4.28677 -4.25749 
-8.67383 4.29236 -4.30775 
-8.54917 4.29063 -4.35802 
-8.42375 4.28485 -4.40703 
-8.29969 4.27378 -4.45604 
-8.17723 4.25576 -4.50504 
-8.05325 4.23406 -4.55154 
-7.93121 4.20759 -4.59804 
-7.81005 4.17662 -4.64327 
-9.29819 3.68195 -4.68851 
-9.18032 3.64017 -4.73375 
-9.06493 3.59356 -4.77773 
-8.9517 3.54193 -4.82172 
-8.84011 3.48638 -4.86444 
-8.72906 3.42756 -4.90591 
-8.62173 3.36378 -4.94738 
-8.51749 3.29681 -4.98885 
-8.41404 3.22611 -5.0278 
-8.3146 3.15183 -5.06802 
-8.21603 3.07463 -5.10697 
-9.51085 3.09063 -5.14593 
-9.41883 3.0066 -5.18363 
-9.32899 2.91986 -5.22007 
1.43658 9.3495 1.02667 
1.52095 9.25706 0.991487 
1.60209 9.16296 0.956301 
1.68099 9.06661 0.922372 
1.75658 8.96764 0.888442 
1.82994 8.86661 0.85577 
1.90113 8.76366 0.824354 
1.96905 8.65853 0.792938 
-9.68582 2.48721 0.761522 
-9.62342 2.37832 0.731363 
-9.56394 2.26881 0.701203 
-9.50775 2.1582 0.672301 
-9.45354 2.04621 0.644655 
-9.40245 1.93277 0.617009 
-9.35327 1.81809 0.590619 
-9.30589 1.70224 0.565487 
-9.26018 1.5853 0.541611 
-9.21728 1.46731 0.517734 
-9.17596 1.34833 0.495115 
-9.82468 1.87367 0.472496 
-9.7881 1.754 0.449876 
-15.1662 12.9148 0.428513 
-15.1347 12.7943 0.40715 
-15.1051 12.6741 0.385788 
-15.0767 12.5532 0.365681 
-15.0496 12.4315 0.346832 
-15.0235 12.3091 0.329239 
-14.9988 12.1873 0.311646 
-14.9758 12.0638 0.29531 
-14.9549 11.9418 0.278973 
-9.91978 1.25258 0.262637 
-9.90135 1.12841 0.248814 
-9.88374 1.00487 0.234991 
-9.86663 0.880763 0.222425 
-18.4529 10.0075 0.209858 
-18.4389 9.88475 0.197292 
-18.4252 9.76148 0.185982 
-18.4116 9.63765 0.175929 
-18.3982 9.51328 0.167133 
-18.3847 9.38837 0.159593 
-18.3719 9.26514 0.152053 
-9.97996 0.627094 0.144513 
-9.96889 0.502445 0.13823 
-9.9576 0.378508 0.131947 
-9.94594 0.254035 0.12692 
-9.93451 0.130035 0.12315 
-9.92355 0.00599174 0.119381 
-9.91013 -0.118822 0.116867 
-9.89663 -0.243143 0.115611 
-9.88329 -0.367482 0.114354 
-9.86971 -0.491312 0.114354 
-9.85511 -0.614387 0.114354 
-10.0017 -0.000499937 0.114354 
-9.98595 -0.124063 0.115611 
-9.9689 -0.248093 0.118124 
-9.95113 -0.371553 0.121894 
-9.9319 -0.494183 0.125664 
-9.9122 -0.616739 0.129434 
-9.89088 -0.739691 0.13446 
-9.86779 -0.862998 0.140743 
-9.84371 -0.984385 0.147027 
-9.81769 -1.10607 0.154566 
-9.79077 -1.22755 0.162106 
-9.9801 -0.628354 0.169646 
-9.95017 -0.749841 0.178442 
-9.9168 -0.871886 0.189752 
-9.88312 -0.991363 0.199805 
-9.84705 -1.11088 0.211115 
-9.80844 -1.23036 0.223681 
-9.76799 -1.34878 0.237504 
-9.725 -1.46576 0.251327 
-9.67919 -1.58246 0.266407 
-9.63162 -1.69845 0.281487 
-9.58235 -1.81193 0.296566 
-9.91957 -1.25325 0.311646 
-9.86567 -1.36544 0.327982 
-9.80872 -1.47697 0.345575 
-9.74955 -1.58688 0.364425 
-9.68753 -1.69467 0.383274 
-9.62224 -1.80144 0.40338 
-9.55358 -1.90701 0.424743 
-9.48298 -2.00933 0.446106 
-9.40966 -2.11125 0.468726 
-9.33444 -2.20973 0.491345 
-9.25575 -2.30652 0.515221 
-9.82123 -1.87327 0.539097 
-9.73676 -1.96616 0.56423 
-9.6494 -2.05578 0.589363 
-9.55971 -2.14253 0.615752 
-9.46723 -2.22574 0.642142 
-9.37251 -2.30582 0.669788 
-9.27437 -2.38306 0.69869 
-9.17405 -2.45743 0.727593 
-9.0712 -2.52701 0.757752 
-8.96387 -2.59352 0.789168 
-8.85573 -2.6563 0.820584 
-9.68615 -2.48608 0.852 
-9.57528 -2.54047 0.883416 
-9.46159 -2.5909 0.916088 
-9.34516 -2.6371 0.950018 
-9.2261 -2.67879 0.985203 
-9.10578 -2.71563 1.02165 
-8.98418 -2.7468 1.05809 
-8.86172 -2.77289 1.09579 
-8.73947 -2.79377 1.13223 
-8.61677 -2.80957 1.16993 
-8.49274 -2.81871 1.20888 
-9.51078 -3.08956 1.24784 
-9.38641 -3.08903 1.2868 
-9.26126 -3.08278 1.32701 
-9.13681 -3.07094 1.36848 
-9.01214 -3.05302 1.4112 
-8.88998 -3.02906 1.45393 
-8.76895 -2.99991 1.49665 
-8.64973 -2.96512 1.54064 
-8.53274 -2.92402 1.58462 
-8.41876 -2.87846 1.6286 
-8.3076 -2.82688 1.67258 
-9.29695 -3.68071 1.71657 
-9.19029 -3.6184 1.76181 
-9.08616 -3.55014 1.8083 
-8.98588 -3.47679 1.85605 
-8.89101 -3.39878 1.90381 
-8.79974 -3.3151 1.95281 
-8.71368 -3.22627 2.00182 
-8.63196 -3.13209 2.05209 
-8.55572 -3.03374 2.10361 
-8.48574 -2.93097 2.15513 
-8.42179 -2.82462 2.20791 
-9.05022 -4.25538 2.26069 
-8.99849 -4.14284 2.31473 
-8.9532 -4.02645 2.37002 
-8.91559 -3.90985 2.42405 
-8.88475 -3.79021 2.47934 
-8.86182 -3.66888 2.53464 
-8.84627 -3.5466 2.59119 
-8.83827 -3.42255 2.64899 
-8.83866 -3.29954 2.7068 
-8.84689 -3.17574 2.76586 
-8.86241 -3.05265 2.82492 
-8.76257 -4.81558 2.88398 
-8.79427 -4.69585 2.9443 
-8.83313 -4.57825 3.00462 
-8.87952 -4.46362 3.06619 
-8.93401 -4.35261 3.12777 
-8.9957 -4.24563 -3.09258 
-9.06509 -4.14218 -3.0285 
-9.14123 -4.04515 -2.96441 
-9.22461 -3.95278 -2.89906 
-9.31416 -3.86662 -2.83246 
-9.40888 -3.7878 -2.76711 
-8.44351 -5.35787 -2.70177 
-8.54894 -5.29198 -2.63517 
-8.65868 -5.23388 -2.56731 
-8.77268 -5.18449 -2.49945 
-8.88985 -5.1436 -2.43034 
-9.00959 -5.11155 -2.35996 
-9.13162 -5.08922 -2.28959 
-9.25516 -5.07676 -2.21922 
-9.37917 -5.07367 -2.14759 
-9.50419 -5.08004 -2.07471 
-9.62715 -5.09547 -2.00182 
-8.0907 -5.87718 -1.92894 
-8.2099 -5.91155 -1.85605 
-8.32596 -5.95508 -1.78191 
-8.43807 -6.00829 -1.70777 
-8.54553 -6.07017 -1.63237 
-8.64758 -6.14045 -1.55572 
-8.74329 -6.21942 -1.47906 
-8.83319 -6.30664 -1.40115 
-8.91383 -6.39956 -1.3245 
-8.98654 -6.49871 -1.24658 
-9.05155 -6.60445 -1.16742 
-7.7046 -6.37543 -1.08825 
-7.75149 -6.49028 -1.00782 
-7.78788 -6.60911 -0.927398 
-7.81445 -6.73172 -0.845717 
-7.83053 -6.85488 -0.764035 
-7.83499 -6.97802 -0.682354 
-7.82892 -7.10228 -0.599416 
-7.81123 -7.22444 -0.516478 
-7.78284 -7.34579 -0.432283 
-7.74308 -7.4642 -0.348088 
-7.69374 -7.5776 -0.263894 
-7.29054 -6.84556 -0.179699 
-7.22139 -6.9495 -0.0929911 
-7.1435 -7.04707 -0.00628319 
-7.05699 -7.1358 0.0804248 
-6.9627 -7.2162 0.168389 
-6.86075 -7.28719 0.256354 
-6.75263 -7.34837 0.345575 
-6.63949 -7.39968 0.434796 
-6.52254 -7.43894 0.524018 
-6.40131 -7.46762 0.614496 
-6.27861 -7.48355 0.704973 
-6.84629 -7.29018 0.795451 
-6.72152 -7.28342 0.887186 
-6.59914 -7.26506 0.97892 
-6.48014 -7.23423 1.07065 
-6.36339 -7.19196 1.16365 
-6.25134 -7.13843 1.25789 
-6.14508 -7.07336 1.35214 
-6.04663 -6.99896 1.44639 
-5.95611 -6.91446 1.54064 
-5.8744 -6.82136 1.63614 
-5.8014 -6.71975 1.7329 
-6.37247 -7.70432 1.82966 
-6.32248 -7.59179 1.92517 
-6.28324 -7.47376 2.02193 
-6.25735 -7.35284 2.11869 
-6.2433 -7.22873 2.21671 
-6.24212 -7.10377 2.31598 
-6.25462 -6.98136 2.414 
-6.27944 -6.85958 2.51327 
-6.3176 -6.74198 2.61255 
-6.39838 -19.2611 2.71308 
-6.45973 -19.1537 2.81361 
-5.8788 -8.09115 2.91414 
-5.96092 -7.99849 3.01593 
-6.05303 -7.9139 3.11897 
-6.15443 -7.8386 -3.05991 
-6.2623 -7.77655 -2.95687 
-6.37633 -7.72647 -2.85257 
-6.49583 -7.68946 -2.74827 
-6.61877 -7.6657 -2.64271 
5.76725 -7.8578 -2.53841 
5.64267 -7.86186 -2.43285 
5.51917 -7.87968 -2.32604 
-5.35834 -8.44511 -2.21922 
-5.47541 -8.48996 -2.11241 
-5.58577 -8.54705 -2.00559 
-5.69043 -8.61631 -1.89752 
-5.78458 -8.69661 -1.79071 
-5.86806 -8.78731 -1.68389 
-5.94212 -8.88741 -1.57582 
-6.00448 -8.99537 -1.4665 
-6.05394 -9.11051 -1.35717 
-6.08962 -9.2295 -1.24784 
-6.11233 -9.35291 -1.13726 
-4.81627 -8.76426 -1.02667 
-4.81072 -8.88978 -0.914832 
-4.79002 -9.01438 -0.802991 
-4.75521 -9.13468 -0.69115 
-4.70573 -9.2493 -0.57931 
-4.64319 -9.35879 -0.466212 
-4.56878 -9.45926 -0.353115 
-4.48225 -9.55048 -0.240018 
-4.38634 -9.63014 -0.12692 
-4.28139 -9.69681 -0.013823 
-4.1685 -9.75184 0.100531 
-4.25874 -9.04852 0.214885 
-4.13717 -9.07559 0.329239 
-4.01342 -9.08683 0.443593 
-3.8892 -9.08387 0.557947 
-3.76666 -9.06506 0.672301 
-3.64583 -9.03219 0.787911 
-3.53082 -8.98527 0.903522 
-3.42181 -8.92416 1.01913 
-3.31948 -8.85027 1.136 
-3.22773 -8.76507 1.25287 
-3.14679 -8.66852 1.36973 
-3.68179 -9.29827 1.4866 
-3.62586 -9.18511 1.60473 
-3.5849 -9.06618 1.72159 
-3.55907 -8.94408 1.83846 
-3.54735 -8.81859 1.95658 
-3.55227 -8.69281 2.07471 
-3.57263 -8.56958 2.19283 
-3.60751 -8.44836 2.31221 
-3.65815 -8.33299 2.43159 
-3.72218 -8.22447 2.55097 
-3.79946 -8.12664 2.6691 
-3.08921 -9.51028 2.78722 
-3.18783 -9.43355 2.9066 
-3.29579 -9.36825 3.02724 
-3.41048 -9.31883 -3.13657 
-3.53132 -9.2828 -3.01593 
-3.65485 -9.26258 -2.89529 
-3.78083 -9.25826 -2.77465 
-3.90666 -9.26974 -2.65276 
-4.02908 -9.2971 -2.53087 
-4.14781 -9.34028 -2.40897 
-4.2592 -9.39797 -2.28708 
-2.48587 -9.68546 -2.16519 
-2.58004 -9.76833 -2.04329 
-2.66211 -9.86323 -1.9214 
-2.73298 -9.96822 -1.79825 
-2.788 -10.0804 -1.6751 
-2.82831 -10.1996 -1.55195 
-2.85368 -10.3228 -1.4288 
-2.86193 -10.4485 -1.30565 
-2.8538 -10.5733 -1.1825 
-2.8304 -10.6962 -1.05935 
-2.791 -10.8159 -0.936195 
-1.87356 -9.82213 -0.813044 
-1.8058 -9.92741 -0.689894 
-1.72497 -10.0235 -0.565487 
-1.63217 -10.1077 -0.442336 
-1.5291 -10.1797 -0.317929 
-1.41791 -10.2383 -0.193522 
2.83072 -22.2202 -0.0678584 
2.95298 -22.2467 0.0565487 
3.07863 -22.2571 0.180956 
3.20379 -22.2508 0.305363 
3.3272 -22.2291 0.42977 
-1.25333 -9.9222 0.554177 
-1.13893 -9.87011 0.679841 
-1.03275 -9.80313 0.804248 
-0.935726 -9.72282 0.929911 
-0.850534 -9.63024 1.05432 
-0.778751 -9.52782 1.17873 
-0.720499 -9.41668 1.30439 
-0.677841 -9.29878 1.4288 
-0.651314 -9.17698 1.5532 
-0.639471 -9.05174 1.67887 
-0.644435 -8.92676 1.80453 
-0.628376 -9.97927 1.93019 
-0.665244 -9.85865 2.05586 
-0.717608 -9.74467 2.18152 
-0.783845 -9.63816 2.30719 
-0.864496 -9.54161 2.43285 
-0.95684 -9.45717 2.55851 
4.63693 -20.5257 -3.60027 
4.5253 -20.4669 -3.4746 
4.40741 -20.4237 -3.34894 
4.28544 -20.3968 -3.22327 
4.15993 -20.386 -3.09761 
0.000995617 -10.0006 -2.97195 
-0.122459 -10.0223 -2.84628 
-0.24222 -10.0593 -2.72062 
-0.356111 -10.1128 -2.59496 
-0.461291 -10.1807 -2.46929 
-0.557126 -10.2613 -2.34363 
-0.642412 -10.3545 -2.21796 
-0.714093 -10.4578 -2.0923 
-0.772263 -10.5693 -1.96664 
-0.814752 -10.687 -1.84097 
-0.841832 -10.8103 -1.71531 
0.626913 -9.97983 -1.58965 
0.632458 -10.1054 -1.46398 
0.654717 -10.2285 -1.33832 
0.693451 -10.3476 -1.21391 
0.747466 -10.46 -1.0895 
0.814968 -10.5661 -0.963841 
0.896262 -10.6622 -0.839434 
0.989236 -10.7462 -0.715026 
1.09216 -10.8168 -0.590619 
1.2036 -10.8752 -0.464956 
1.32198 -10.9168 -0.340549 
1.2549 -9.92095 -0.216142 
1.37987 -9.93212 -0.0917345 
1.50473 -9.92655 0.0326726 
1.6279 -9.90428 0.155823 
1.74777 -9.86651 0.28023 
1.86112 -9.81328 0.404637 
1.96699 -9.74639 0.529044 
2.06311 -9.66581 0.652195 
2.14743 -9.57355 0.775345 
2.21979 -9.47162 0.898495 
2.27782 -9.3614 1.02165 
1.87454 -9.82258 1.1448 
1.90382 -9.70028 1.26795 
1.91663 -9.57558 1.3911 
1.91402 -9.45026 1.51425 
1.89366 -9.32671 1.63614 
1.85843 -9.20654 1.75804 
1.8079 -9.09238 1.87993 
1.74411 -8.98399 2.00308 
1.66677 -8.88529 2.12623 
1.57682 -8.79749 2.24812 
1.47687 -8.72128 2.37002 
2.48713 -9.68584 2.49191 
2.37158 -9.63726 2.61381 
2.25098 -9.60436 2.7357 
2.12728 -9.58637 2.85759 
2.00195 -9.58475 2.97823 
1.87778 -9.59941 3.09887 
1.75628 -9.6289 -3.06368 
1.64003 -9.67509 -2.9443 
1.53011 -9.73479 -2.82492 
1.42902 -9.808 -2.70554 
1.33737 -9.89273 -2.58616 
3.0905 -9.51052 -2.46678 
3.02345 -9.61596 -2.34865 
2.96928 -9.72856 -2.23053 
2.92762 -9.84724 -2.11115 
2.90273 -9.96945 -1.99303 
2.89242 -10.0937 -1.8749 
2.89715 -10.2189 -1.75552 
2.91879 -10.342 -1.63865 
2.95576 -10.4611 -1.52179 
3.00636 -10.5751 -1.40492 
3.07089 -10.6816 -1.28805 
3.68288 -9.29672 -1.17119 
3.77147 -9.3849 -1.05558 
3.86964 -9.46226 -0.939965 
3.97608 -9.52779 -0.824354 
4.08974 -9.57939 -0.708743 
4.20882 -9.6163 -0.593133 
4.33206 -9.63819 -0.478779 
-2.36848 0.840222 -0.364425 
-2.24368 0.848093 -0.250071 
-2.1206 0.870152 -0.135717 
-2.00084 0.906111 -0.0213628 
4.25922 -9.04812 0.0929911 
4.36686 -8.98367 0.206088 
4.46654 -8.90749 0.319186 
4.55605 -8.8197 0.432283 
4.63382 -8.72227 0.544124 
4.70149 -8.61673 0.657221 
4.75364 -8.50294 0.767805 
4.79378 -8.38499 0.879646 
14.4398 -16.2623 0.99023 
14.4506 -16.1376 1.10081 
14.4455 -16.0126 1.20888 
4.81734 -8.76539 1.31696 
4.78759 -8.64385 1.42754 
4.7422 -8.52663 1.53687 
4.68252 -8.41673 1.64494 
4.61238 -8.31319 1.75301 
4.53052 -8.21864 1.86108 
4.43894 -8.13347 1.96915 
4.33781 -8.06093 2.07596 
4.22951 -7.99959 2.18278 
4.1153 -7.95014 2.28959 
3.99511 -7.91516 2.39515 
5.35831 -8.44237 2.50071 
5.23346 -8.43336 2.60627 
5.10899 -8.43864 2.71057 
4.98512 -8.45709 2.81612 
4.86473 -8.48942 2.92042 
4.74873 -8.53531 3.02473 
4.638 -8.59428 3.12777 
4.53499 -8.66495 -3.05363 
4.43971 -8.74572 -2.95184 
4.35395 -8.83671 -2.85005 
4.27788 -8.93595 -2.74827 
5.87954 -8.08979 -2.64648 
5.82636 -8.20238 -2.54595 
5.78588 -8.32028 -2.44542 
5.75824 -8.44262 -2.34614 
5.74286 -8.56709 -2.24687 
5.74105 -8.69201 -2.14885 
5.75274 -8.81657 -2.05083 
5.77761 -8.93871 -1.95407 
5.81319 -9.05865 -1.85605 
5.86246 -9.17337 -1.75929 
5.92258 -9.28278 -1.66253 
6.37521 -7.70546 -1.56577 
6.4565 -7.80127 -1.47027 
6.54531 -7.88901 -1.3735 
6.64475 -7.9655 -1.27926 
6.74975 -8.03264 -1.18375 
6.86183 -8.089 -1.0895 
6.97876 -8.1333 -0.996513 
7.09979 -8.16419 -0.904779 
7.22315 -8.18385 -0.813044 
7.34779 -8.19214 -0.72131 
7.47266 -8.18897 -0.629575 
6.84433 -7.28796 -0.537841 
6.96592 -7.25971 -0.447363 
7.08447 -7.22059 -0.356885 
7.19899 -7.17092 -0.266407 
7.308 -7.10902 -0.178442 
7.4105 -7.03782 -0.0892212 
7.50625 -6.95778 -9.32587e-15 
7.59339 -6.86765 0.086708 
7.67251 -6.77156 0.174673 
7.74267 -6.66766 0.261381 
7.80235 -6.55777 0.346832 
7.28935 -6.84493 0.432283 
7.32772 -6.72679 0.517734 
7.35524 -6.60472 0.601929 
7.3724 -6.48076 0.686124 
7.37785 -6.35602 0.769062 
7.37172 -6.23091 0.852 
7.35408 -6.10715 0.933681 
7.32639 -5.98524 1.01536 
7.28885 -5.866 1.09704 
7.24066 -5.7509 1.17747 
9.83825 -11.6567 -5.02529 
7.70435 -6.37441 -4.94487 
7.6292 -6.27508 -4.8657 
7.54449 -6.18345 -4.78779 
7.4529 -6.09869 -4.70988 
7.35498 -6.02132 -4.63196 
7.25082 -5.95294 -4.55531 
7.14129 -5.8939 -4.47991 
7.02671 -5.84416 -4.40451 
6.90955 -5.80225 -4.32911 
6.78863 -5.77152 -4.25497 
6.66464 -5.75038 -4.18209 
8.08787 -5.87775 -4.1092 
7.96327 -5.87539 -4.03632 
7.83882 -5.8821 -3.96343 
7.71549 -5.89908 -3.8918 
7.59369 -5.92484 -3.82018 
7.47431 -5.96167 -3.7498 
7.35782 -6.00679 -3.67943 
7.24541 -6.06109 -3.61032 
7.13771 -6.12406 -3.54246 
7.03453 -6.19418 -3.4746 
6.93716 -6.27208 -3.408 
8.44343 -5.35854 -3.3414 
8.35822 -5.4495 -3.27605 
8.27913 -5.54583 -3.21071 
8.2065 -5.64712 -3.14536 
8.14236 -5.75465 -3.08127 
8.08636 -5.86662 -3.01844 
8.0375 -5.98188 -2.95561 
7.99598 -6.09998 -2.89278 
7.96316 -6.22079 -2.8312 
7.93906 -6.34364 -2.77088 
7.92241 -6.46772 -2.71057 
8.76235 -4.81912 -2.65025 
8.762 -4.94433 -2.59119 
8.7684 -5.06828 -2.53087 
8.78421 -5.19252 -2.47306 
8.80764 -5.31447 -2.41526 
8.83808 -5.43485 -2.35745 
8.87663 -5.55295 -2.3009 
8.92421 -5.66854 -2.24561 
8.97686 -5.78113 -2.19032 
9.03678 -5.89011 -2.13628 
9.1036 -5.9951 -2.0835 
9.04624 -4.25831 -2.03073 
9.12479 -4.35498 -1.9792 
9.20822 -4.44747 -1.92768 
9.2985 -4.53453 -1.87742 
9.39181 -4.61722 -1.82715 
9.49003 -4.69422 -1.77814 
9.59273 -4.76537 -1.73039 
9.6987 -4.83154 -1.68264 
9.80837 -4.89092 -1.63488 
9.92142 -4.94394 -1.58839 
10.0357 -4.99227 -1.54189 
9.29667 -3.68155 -1.4954 
9.41549 -3.71792 -1.45016 
9.53733 -3.74697 -1.40618 
9.66032 -3.77063 -1.36219 
9.78368 -3.78851 -1.31947 
9.9068 -3.80021 -1.27674 
10.0324 -3.80535 -1.23527 
10.1571 -3.80446 -1.19381 
10.281 -3.79816 -1.15359 
10.4048 -3.78563 -1.11464 
10.528 -3.76705 -1.07694 
9.51142 -3.0898 -1.03924 
9.63289 -3.06199 -1.00154 
9.75316 -3.02836 -0.965097 
9.87212 -2.99038 -0.928655 
9.98946 -2.94685 -0.893469 
10.104 -2.89876 -0.858283 
10.2166 -2.84545 -0.824354 
10.3272 -2.78835 -0.790425 
10.4353 -2.72754 -0.757752 
10.5412 -2.66081 -0.726336 
10.6445 -2.5896 -0.696177 
9.68549 -2.48606 -0.666018 
9.7831 -2.40858 -0.635858 
9.87833 -2.32818 -0.605699 
9.97045 -2.24509 -0.576796 
10.0596 -2.15825 -0.54915 
10.1456 -2.0679 -0.522761 
10.2293 -1.9753 -0.496372 
10.3098 -1.87947 -0.471239 
10.3872 -1.7806 -0.447363 
10.4616 -1.68104 -0.42223 
10.5328 -1.57863 -0.398354 
9.82095 -1.87305 -0.374478 
9.88658 -1.76764 -0.351858 
9.94899 -1.65981 -0.330496 
10.0083 -1.54974 -0.310389 
10.0653 -1.4385 -0.290283 
10.1189 -1.32644 -0.270177 
10.1696 -1.21122 -0.252584 
10.2171 -1.09548 -0.234991 
10.2617 -0.978064 -0.218655 
10.3047 -0.86114 -0.202319 
10.3448 -0.742707 -0.187239 
9.92106 -1.25477 -0.172159 
9.95643 -1.13562 -0.15708 
9.98903 -1.01517 -0.143257 
10.02 -0.894279 -0.129434 
10.0472 -0.771471 -0.118124 
10.0731 -0.648362 -0.106814 
10.0969 -0.526638 -0.0955044 
10.1183 -0.403934 -0.0854513 
10.1375 -0.280314 -0.0766549 
10.155 -0.15697 -0.069115 
10.1706 -0.0340547 -0.0615752 
9.97855 -0.628659 -0.0540354 
9.99228 -0.504275 -0.0477522 
10.0041 -0.380389 -0.041469 
10.0141 -0.25577 -0.0364425 
10.0224 -0.130447 -0.0326726 
10.0297 -0.00680494 -0.0289027 
10.0355 0.117511 -0.0263894 
10.041 0.243092 -0.0251327 
10.0452 0.368073 -0.0238761 
10.0452 0.368073 -0.0238761 
10.0452 0.368073 -0.0238761 
