4.26596e-317 3.39917e-321 0
10.0024 0.0623637 -0.0083547
10.0024 0.0623637 -0.013769
10.0002 0.101404 -0.0167403
10.0002 0.101404 -0.0219381
9.99774 0.155206 -0.0246532
9.99774 0.155218 -0.0274761
9.99717 0.215325 -0.0288146
9.99717 0.215349 -0.0307336
9.99612 0.275014 -0.0315477
9.99612 0.275043 -0.032583
9.99399 0.337855 -0.0328887
9.99399 0.337885 -0.0334089
9.99198 0.400432 -0.033419
9.99198 0.400462 -0.0335538
9.98899 0.463685 -0.0333473
9.98899 0.463717 -0.0332321
9.98555 0.526267 -0.0328832
9.98555 0.526299 -0.0325944
9.98177 0.587886 -0.0321451
9.98177 0.587917 -0.0317382
9.97818 0.651258 -0.0312228
9.97818 0.651289 -0.0307353
9.97407 0.713827 -0.0301748
9.97407 0.713858 -0.0296333
9.9696 0.777665 -0.0290439
9.9696 0.777696 -0.0284667
9.96499 0.840086 -0.0278588
9.96499 0.840118 -0.0272587
9.95979 0.902581 -0.0266397
9.95978 0.902613 -0.0260254
9.95309 0.964921 -0.0253982
9.95308 0.964952 -0.0247744
9.94601 1.02793 -0.0241476
9.94601 1.02796 -0.0235206
9.93849 1.08877 -0.022892
9.93848 1.0888 -0.0222642
9.93273 1.15199 -0.0216409
9.93273 1.15202 -0.0210153
9.92555 1.21457 -0.0203976
9.92554 1.2146 -0.0197775
9.9182 1.27697 -0.0191631
9.91819 1.277 -0.0185472
9.91028 1.34035 -0.0179352
9.91028 1.34038 -0.0173221
9.90233 1.40192 -0.0167176
9.90233 1.40195 -0.01611
9.89291 1.46354 -0.0155086
9.89291 1.46357 -0.0149059
9.88251 1.52696 -0.0143131
9.88251 1.52699 -0.0137166
9.87228 1.58862 -0.0131298
9.87227 1.58865 -0.0125405
9.86265 1.65054 -0.01196
9.86265 1.65057 -0.0113768
9.8531 1.71153 -0.0107998
9.85309 1.71156 -0.0102213
9.84183 1.77382 -0.00964685
9.84182 1.77385 -0.0090713
9.8293 1.83516 -0.00850446
9.8293 1.83519 -0.0079344
9.81861 1.89757 -0.0073709
9.8186 1.8976 -0.00680597
9.80632 1.95938 -0.00625124
9.80631 1.95941 -0.0056928
9.79335 2.02055 -0.00514399
9.79334 2.02058 -0.00459267
9.77994 2.08179 -0.00404798
9.77993 2.08182 -0.00350154
9.76739 2.14324 -0.00296551
9.76738 2.14327 -0.00242581
9.75407 2.2058 -0.00189584
9.75406 2.20583 -0.0013633
9.7401 2.26612 -0.000839667
9.74009 2.26615 -0.000313344
9.7265 2.32829 0.000206667
9.7265 2.32832 0.000728223
9.71117 2.38836 0.00124186
9.71117 2.38839 0.0017582
9.69585 2.44952 0.0022666
9.69584 2.44955 0.00277723
9.67965 2.51106 0.00327652
9.67964 2.51109 0.00377968
9.66344 2.57122 0.00427452
9.66343 2.57125 0.00477126
9.64895 2.63216 0.00526025
9.64894 2.63219 0.00575173
9.63137 2.69326 0.00623196
9.63136 2.69329 0.00671591
9.61485 2.75367 0.0071917
9.61484 2.7537 0.00766939
9.59641 2.81323 0.00813565
9.5964 2.81326 0.00860595
9.57809 2.8737 0.00906587
9.57808 2.87373 0.00952849
9.56004 2.93332 0.00998391
9.56003 2.93335 0.0104412
9.54101 2.99375 0.0108899
9.541 2.99378 0.0113415
9.52009 3.05281 0.0117868
9.52009 3.05284 0.0122336
9.50145 3.11287 0.0126717
9.50144 3.1129 0.0131129
9.48327 3.17243 0.0135443
9.48326 3.17246 0.0139785
9.4629 3.23211 0.0144037
9.46289 3.23214 0.0148315
9.44301 3.29089 0.0152493
9.443 3.29092 0.0156702
9.42135 3.35092 0.0160818
9.42134 3.35095 0.016496
9.40117 3.40988 0.0169038
9.40116 3.40991 0.0173131
9.38074 3.46976 0.017718
9.38073 3.46979 0.0181241
9.35769 3.52825 0.0185212
9.35768 3.52828 0.0189217
9.33472 3.58723 0.0193118
9.33471 3.58726 0.019705
9.31142 3.64587 0.0200866
9.31141 3.6459 0.0204718
9.28817 3.70362 0.0208509
9.28816 3.70364 0.0212311
9.26387 3.76132 0.0216016
9.26386 3.76135 0.0219758
9.24074 3.81935 0.0223406
9.24073 3.81938 0.0227079
9.21717 3.87759 0.0230687
9.21715 3.87761 0.0234312
9.19312 3.93487 0.0237835
9.19311 3.93489 0.0241394
9.1688 3.99368 0.0244879
9.16879 3.99371 0.024838
9.14306 4.0507 0.0251772
9.14304 4.05073 0.0255204
9.11702 4.10818 0.0258555
9.117 4.1082 0.0261924
9.09025 4.16599 0.0265196
9.09024 4.16602 0.0268502
9.06482 4.2224 0.02717
9.0648 4.22243 0.027493
9.03632 4.27868 0.0278084
9.03631 4.2787 0.0281258
9.0102 4.33626 0.0284322
9.01019 4.33629 0.0287425
8.98353 4.39327 0.0290448
8.98352 4.39329 0.0293488
8.95522 4.44925 0.0296417
8.9552 4.44928 0.0299385
8.92756 4.50426 0.0302272
8.92755 4.50429 0.0305177
8.89924 4.56096 0.0307969
8.89922 4.56098 0.0310802
8.87103 4.61662 0.0313531
8.87101 4.61665 0.0316287
8.84061 4.67239 0.0318913
8.8406 4.67242 0.0321582
8.81116 4.72739 0.0324158
8.81115 4.72742 0.0326755
8.78188 4.78198 0.032923
8.78186 4.78201 0.0331748
8.75179 4.8384 0.0334178
8.75178 4.83843 0.0336628
8.72138 4.89268 0.0339018
8.72136 4.89271 0.0341425
8.68929 4.94848 0.0343732
8.68928 4.94851 0.0346074
8.65856 5.00328 0.0348344
8.65854 5.0033 0.0350629
8.6276 5.05671 0.0352806
8.62758 5.05674 0.0355022
8.59568 5.11017 0.035714
8.59566 5.1102 0.0359282
8.56305 5.16468 0.0361321
8.56304 5.16471 0.0363393
8.53098 5.21859 0.0365369
8.53096 5.21862 0.0367371
8.49752 5.27146 0.0369247
8.4975 5.27149 0.0371165
8.46403 5.32435 0.0372993
8.46401 5.32438 0.0374841
8.42939 5.37802 0.0376571
8.42938 5.37805 0.0378342
8.39662 5.43112 0.0380047
8.39661 5.43114 0.0381763
8.36134 5.483 0.0383415
8.36133 5.48303 0.038509
8.32586 5.53566 0.038666
8.32584 5.53569 0.0388265
8.29225 5.58762 0.0389759
8.29223 5.58765 0.0391284
8.25674 5.63956 0.039271
8.25672 5.63958 0.0394165
8.22181 5.69164 0.0395529
8.22179 5.69166 0.0396919
8.18506 5.74289 0.0398208
8.18504 5.74291 0.0399529
8.14932 5.79401 0.0400757
8.14931 5.79403 0.0402011
8.11166 5.84604 0.0403163
8.11165 5.84607 0.0404347
8.07508 5.89697 0.0405458
8.07506 5.89699 0.0406587
8.03756 5.94783 0.0407607
8.03754 5.94785 0.0408666
8.00145 5.99785 0.0409588
8.00143 5.99787 0.0410552
7.96309 6.04853 0.0411421
7.96308 6.04856 0.0412312
7.92456 6.09811 0.041308
7.92454 6.09814 0.041389
7.88676 6.14935 0.0414589
7.88674 6.14938 0.0415317
7.84634 6.19862 0.0415953
7.84632 6.19865 0.0416616
7.80731 6.24813 0.0417192
7.80729 6.24815 0.0417793
7.76864 6.29614 0.0418298
7.76862 6.29617 0.0418832
7.72945 6.34431 0.0419277
7.72943 6.34433 0.0419748
7.68987 6.39183 0.0635421
7.68985 6.39186 0.0760306
7.64974 6.43977 0.083259
7.64972 6.4398 0.0965359
7.608 6.48805 0.104214
7.60798 6.48808 0.111703
7.56716 6.53565 0.116031
7.56714 6.53567 0.121772
7.52577 6.58447 0.125089
7.52575 6.5845 0.128833
7.48518 6.6313 0.130994
7.48516 6.63132 0.133642
7.44255 6.67859 0.135166
7.44253 6.67861 0.136958
7.40108 6.72513 0.137981
7.40106 6.72515 0.139215
7.35905 6.77167 0.139915
7.35903 6.7717 0.140751
7.31629 6.81672 0.141219
7.31627 6.81675 0.141785
7.27325 6.86222 0.142093
7.27323 6.86224 0.142468
7.22982 6.90831 0.142662
7.2298 6.90833 0.142905
7.1866 6.95444 0.143019
7.18657 6.95446 0.143168
7.14207 6.99876 0.143222
7.14205 6.99879 0.143303
7.09885 7.04418 0.143318
7.09883 7.0442 0.14335
7.05472 7.08777 0.143334
7.0547 7.08779 0.143331
7.00946 7.1311 0.143295
7.00943 7.13112 0.143267
6.96519 7.17509 0.143211
6.96517 7.17511 0.143163
6.91918 7.21831 0.143092
6.91916 7.21833 0.143028
6.87356 7.26189 0.142945
6.87354 7.26191 0.142867
6.82703 7.30625 0.142773
6.82701 7.30627 0.142684
6.78133 7.34841 0.142582
6.78131 7.34843 0.142484
6.73541 7.39078 0.142375
6.73539 7.3908 0.142269
6.68822 7.43359 0.14215
6.6882 7.43361 0.142036
6.64218 7.47478 0.141911
6.64216 7.4748 0.141789
6.59572 7.51669 0.141655
6.5957 7.51671 0.141525
6.54806 7.5581 0.141385
6.54804 7.55812 0.141247
6.5003 7.59766 0.1411
6.50028 7.59768 0.140956
6.45231 7.63773 0.140799
6.45229 7.63775 0.140647
6.40393 7.67884 0.140485
6.40391 7.67886 0.140326
6.3561 7.71925 0.140155
6.35608 7.71927 0.139988
6.30692 7.75918 0.139807
6.3069 7.7592 0.139629
6.25838 7.79939 0.139444
6.25836 7.79941 0.139261
6.20967 7.83935 0.13907
6.20964 7.83937 0.138881
6.15986 7.87873 0.138682
6.15983 7.87875 0.138486
6.10985 7.91586 0.13828
6.10983 7.91588 0.138077
6.06072 7.95415 0.137866
6.0607 7.95417 0.137656
6.00995 7.99256 0.137438
6.00992 7.99258 0.137222
5.96002 8.03007 0.136997
5.96 8.03009 0.136775
5.90883 8.06737 0.13654
5.9088 8.06739 0.13631
5.85821 8.10359 0.136071
5.85818 8.10361 0.135834
5.80721 8.14068 0.135585
5.80718 8.1407 0.13534
5.75621 8.17692 0.135083
5.75619 8.17694 0.13483
5.70461 8.21301 0.134566
5.70459 8.21303 0.134305
5.65344 8.24888 0.134033
5.65342 8.2489 0.133764
5.60151 8.2846 0.133488
5.60148 8.28462 0.133213
5.54952 8.31968 0.132927
5.5495 8.31969 0.132645
5.49644 8.35414 0.132356
5.49641 8.35416 0.132067
5.44353 8.38779 0.13177
5.44351 8.38781 0.131476
5.39099 8.42112 0.131169
5.39096 8.42114 0.130867
5.33747 8.45592 0.130556
5.33745 8.45594 0.130246
5.28474 8.48907 0.129927
5.28471 8.48909 0.129612
5.23065 8.52198 0.129286
5.23063 8.52199 0.128962
5.17773 8.55454 0.12863
5.1777 8.55455 0.1283
5.12364 8.58737 0.127957
5.12362 8.58739 0.127619
5.06961 8.62005 0.127274
5.06958 8.62007 0.12693
5.01421 8.65046 0.126576
5.01419 8.65048 0.126225
4.95974 8.68144 0.125867
4.95971 8.68146 0.125511
4.90586 8.71352 0.125146
4.90584 8.71354 0.124784
4.85119 8.74473 0.12441
4.85116 8.74475 0.12404
4.79603 8.77466 0.123661
4.79601 8.77468 0.123284
4.74089 8.80376 0.122898
4.74086 8.80378 0.122515
4.68647 8.83335 0.122125
4.68644 8.83336 0.121737
4.63057 8.86392 0.12134
4.63054 8.86393 0.120947
4.5755 8.89383 0.120545
4.57547 8.89385 0.120146
4.51841 8.92201 0.119734
4.51838 8.92202 0.119327
4.4621 8.94864 0.118908
4.46208 8.94865 0.118493
4.40558 8.97614 0.118069
4.40555 8.97615 0.117647
4.35008 9.00423 0.117216
4.35006 9.00425 0.116788
4.29302 9.03229 0.116351
4.29299 9.0323 0.115917
4.23545 9.05858 0.115473
4.23542 9.05859 0.115032
4.1783 9.08634 0.11458
4.17827 9.08635 0.114131
4.12194 9.11242 0.113675
4.12192 9.11243 0.113221
4.06525 9.13744 0.112762
4.06522 9.13746 0.112304
4.00771 9.16218 0.111837
4.00768 9.16219 0.111373
3.94883 9.18729 0.110897
3.9488 9.18731 0.110425
3.89045 9.21138 0.109943
3.89042 9.21139 0.109464
3.83309 9.23659 0.108979
3.83306 9.2366 0.108495
3.77547 9.26083 0.108006
3.77545 9.26085 0.107519
3.71914 9.28362 0.107025
3.71911 9.28363 0.106533
3.66003 9.30582 0.106034
3.66001 9.30584 0.105537
3.60128 9.32944 0.105034
3.60126 9.32945 0.104533
3.54209 9.35248 0.104022
3.54206 9.35249 0.103514
3.48295 9.37428 0.103
3.48292 9.37429 0.102486
3.42253 9.39531 0.101965
3.4225 9.39533 0.101446
3.36371 9.41638 0.100916
3.36368 9.41639 0.100389
3.30557 9.43725 0.0998564
3.30554 9.43726 0.0993245
3.2468 9.45893 0.0987851
3.24678 9.45894 0.0982484
3.18666 9.47922 0.097704
3.18663 9.47923 0.0971618
3.12671 9.49883 0.0966082
3.12668 9.49884 0.0960585
3.06684 9.51847 0.0954993
3.06681 9.51848 0.0949424
3.00812 9.53722 0.0943769
3.00809 9.53723 0.0938141
2.94731 9.55542 0.0932415
2.94728 9.55543 0.0926719
2.88849 9.57405 0.0920955
2.88846 9.57406 0.0915208
2.8273 9.592 0.0909377
2.82727 9.59201 0.0903575
2.76764 9.60904 0.0897713
2.76761 9.60905 0.0891864
2.70626 9.62661 0.0885917
2.70623 9.62661 0.0880006
2.64612 9.64407 0.0874009
2.64609 9.64408 0.0868033
2.5849 9.65988 0.0861975
2.58487 9.65989 0.0855943
2.52415 9.67549 0.0849818
2.52412 9.67549 0.0843721
2.46425 9.69119 0.083756
2.46422 9.69119 0.0831414
2.40288 9.70644 0.0825187
2.40285 9.70645 0.0818988
2.34129 9.72196 0.0812673
2.34126 9.72197 0.0806395
2.27878 9.73654 0.0800055
2.27875 9.73655 0.0793726
2.21916 9.75024 0.0787298
2.21913 9.75025 0.0780907
2.15769 9.76433 0.0774445
2.15766 9.76434 0.0767997
2.09678 9.77803 0.0761489
2.09675 9.77803 0.0755
2.0346 9.79033 0.0748409
2.03457 9.79033 0.0741852
1.97251 9.80224 0.0735201
1.97248 9.80225 0.0728575
1.9121 9.81584 0.0721868
1.91207 9.81585 0.0715185
1.85071 9.82711 0.0923726
1.85068 9.82712 0.104147
1.78872 9.83828 0.110661
1.78869 9.83828 0.123224
1.72771 9.84915 0.130197
1.72768 9.84916 0.136976
1.66482 9.86012 0.1406
1.66479 9.86013 0.145637
1.60178 9.87076 0.148253
1.60175 9.87077 0.151295
1.54042 9.88036 0.152753
1.54039 9.88037 0.1547
1.47864 9.89115 0.155524
1.47861 9.89115 0.156616
1.41626 9.89936 0.156942
1.41623 9.89936 0.157479
1.35472 9.90763 0.157481
1.35469 9.90764 0.157619
1.29227 9.91689 0.157391
1.29224 9.91689 0.15726
1.22973 9.92466 0.156871
1.2297 9.92466 0.156549
1.16683 9.93102 0.156052
1.1668 9.93102 0.155599
1.10328 9.93801 0.155022
1.10325 9.93802 0.154479
1.04208 9.94512 0.153847
1.04204 9.94512 0.153238
0.980285 9.9517 0.152567
0.980254 9.95171 0.151913
0.916673 9.95764 0.151214
0.916642 9.95765 0.150526
0.853995 9.96303 0.149806
0.853963 9.96303 0.149094
0.790689 9.96921 0.148357
0.790658 9.96921 0.147627
0.728689 9.9731 0.146876
0.728657 9.97311 0.146131
0.66726 9.97739 0.145368
0.667229 9.97739 0.14461
0.604581 9.98149 0.14384
0.60455 9.98149 0.143073
0.540583 9.98542 0.142294
0.540552 9.98542 0.141519
0.478542 9.98802 0.14073
0.47851 9.98802 0.139944
0.415225 9.99059 0.139151
0.415193 9.99059 0.13836
0.352662 9.99367 0.137563
0.352631 9.99367 0.136768
0.290525 9.99602 0.135965
0.290494 9.99603 0.135165
0.226957 9.9967 0.134356
0.226926 9.9967 0.13355
0.165079 9.99799 0.132737
0.165047 9.99799 0.131926
0.101753 9.99911 0.131108
0.101722 9.99911 0.130292
0.0389552 9.99916 0.129472
0.0389239 9.99916 0.128653
-0.0242274 9.99864 0.127826
-0.0242589 9.99864 0.127002
-0.086541 9.99802 0.126168
-0.0865725 9.99802 0.125337
-0.149292 9.99786 0.1245
-0.149324 9.99786 0.123664
-0.211874 9.99699 0.122821
-0.211905 9.99699 0.121979
-0.275478 9.99495 0.121132
-0.275509 9.99495 0.120287
-0.337837 9.99364 0.119435
-0.337869 9.99364 0.118585
-0.400919 9.99046 0.11773
-0.400951 9.99046 0.116876
-0.463302 9.98848 0.116015
-0.463333 9.98848 0.115156
-0.525725 9.98497 0.114291
-0.525757 9.98497 0.113428
-0.588453 9.98241 0.112558
-0.588484 9.98241 0.11169
-0.650741 9.97929 0.110813
-0.650773 9.97929 0.109939
-0.714342 9.97424 0.109062
-0.714373 9.97424 0.108185
-0.777644 9.9695 0.107306
-0.777675 9.9695 0.106427
-0.840324 9.96498 0.105541
-0.840355 9.96498 0.104657
-0.903655 9.95975 0.10377
-0.903686 9.95975 0.102883
-0.966079 9.95262 0.101988
-0.96611 9.95261 0.101097
-1.02808 9.94652 0.100201
-1.02811 9.94651 0.0993063
-1.09045 9.94083 0.0984033
-1.09048 9.94083 0.0975035
-1.15261 9.93222 0.0965977
-1.15264 9.93222 0.095693
-1.21517 9.92482 0.094783
-1.2152 9.92482 0.0938747
-1.2765 9.91718 0.0929628
-1.27653 9.91718 0.0920516
-1.33924 9.91049 0.091138
-1.33927 9.91049 0.090225
-1.4023 9.9013 0.0893088
-1.40233 9.9013 0.0883937
-1.46395 9.89294 0.0874703
-1.46398 9.89293 0.0865499
-1.52609 9.88362 0.0856238
-1.52612 9.88362 0.0846988
-1.58715 9.87229 0.0837684
-1.58718 9.87228 0.0828399
-1.65037 9.86225 0.0819076
-1.6504 9.86224 0.0809762
-1.71194 9.85264 0.0800388
-1.71197 9.85263 0.0791035
-1.77339 9.84155 0.0781615
-1.77343 9.84155 0.0772214
-1.83626 9.82984 0.0762753
-1.83629 9.82984 0.0753309
-1.89744 9.81817 0.0743823
-1.89747 9.81816 0.0734348
-1.95894 9.8063 0.0724829
-1.95897 9.8063 0.0715325
-2.02127 9.79398 0.0705769
-2.0213 9.79397 0.0696229
-2.08179 9.78051 0.0686616
-2.08182 9.7805 0.0677027
-2.14406 9.76651 0.0667408
-2.14409 9.7665 0.0657791
-2.205 9.7528 0.0648122
-2.20503 9.75279 0.0638473
-2.26556 9.74009 0.0628785
-2.26559 9.74009 0.0619105
-2.32686 9.72621 0.0609361
-2.32689 9.7262 0.0599641
-2.38681 9.71002 0.0589896
-2.38684 9.71002 0.0580152
-2.44772 9.69467 0.0570337
-2.44775 9.69466 0.0560551
-2.50912 9.68058 0.0550715
-2.50915 9.68057 0.0540887
-2.57005 9.66306 0.0530987
-2.57008 9.66306 0.0521113
-2.63131 9.64791 0.0511188
-2.63134 9.64791 0.0501273
-2.69173 9.62979 0.0706648
-2.69176 9.62978 0.0821204
-2.75261 9.61391 0.0883203
-2.75264 9.6139 0.100568
-2.81227 9.59537 0.107226
-2.8123 9.59536 0.113691
-2.87368 9.5793 0.117004
-2.87371 9.57929 0.121728
-2.93301 9.5609 0.124034
-2.93304 9.56089 0.126765
-2.99422 9.54196 0.127915
-2.99425 9.54195 0.129552
-3.0539 9.52311 0.108541
-3.05393 9.5231 0.0968771
-3.11186 9.50444 0.0897016
-3.11189 9.50443 0.0766896
-3.1727 9.48328 0.0687367
-3.17273 9.48327 0.0611118
-3.23267 9.46391 0.0562717
-3.2327 9.4639 0.0501186
-3.29274 9.44295 0.0461259
-3.29277 9.44294 0.0417758
-3.35114 9.42229 0.0388219
-3.35117 9.42228 0.0354299
-3.41011 9.40092 0.0330344
-3.41014 9.4009 0.0304034
-3.46772 9.37898 0.028446
-3.46775 9.37897 0.0263038
-3.52698 9.3581 0.0246254
-3.52701 9.35809 0.0228293
-3.58606 9.33488 0.0213532
-3.58609 9.33487 0.0197918
-3.6457 9.31209 0.0184514
-3.64573 9.31208 0.0170538
-3.70274 9.28893 0.0158104
-3.70277 9.28892 0.0145261
-3.76248 9.26438 0.0133446
-3.76251 9.26437 0.012137
-3.82105 9.24196 0.0109963
-3.82108 9.24194 0.00983846
-3.87815 9.2171 0.00872649
-3.87818 9.21709 0.00760241
-3.9355 9.19236 0.00651005
-3.93553 9.19235 0.00540941
-3.99208 9.16718 0.00432934
-3.99211 9.16717 0.00324408
-4.04953 9.14121 0.00217293
-4.04956 9.14119 0.00109802
-4.10759 9.11637 2.92782e-05
-4.10762 9.11636 -0.00104048
-4.16606 9.09048 -0.00210627
-4.16609 9.09047 -0.00317332
-4.22182 9.06374 -0.00423544
-4.22185 9.06373 -0.00529911
-4.27979 9.03761 -0.00636277
-4.27982 9.03759 -0.00742578
-4.3369 9.01134 -0.00848894
-4.33693 9.01132 -0.00955232
-4.39411 8.98338 -0.0106195
-4.39414 8.98336 -0.0116849
-4.45008 8.9563 -0.012751
-4.45011 8.95628 -0.0138175
-4.50534 8.9269 -0.0148899
-4.50536 8.92689 -0.0159596
-4.56144 8.89878 -0.0170293
-4.56147 8.89877 -0.0181002
-4.61751 8.86901 -0.0191705
-4.61754 8.86899 -0.0202405
-4.67413 8.84052 -0.0213141
-4.67416 8.8405 -0.0223862
-4.72892 8.81145 -0.0234609
-4.72895 8.81144 -0.0245351
-4.78427 8.78225 -0.025611
-4.7843 8.78224 -0.0266864
-4.83824 8.75195 -0.0277665
-4.83827 8.75193 -0.0288449
-4.89309 8.71976 -0.0299244
-4.89312 8.71974 -0.0310042
-4.94904 8.68842 -0.0320844
-4.94907 8.6884 -0.0331643
-5.00245 8.65812 -0.0342461
-5.00248 8.6581 -0.0353271
-5.05748 8.62639 -0.0364096
-5.0575 8.62637 -0.0374918
-5.11041 8.5955 -0.0385763
-5.11044 8.59549 -0.03966
-5.16451 8.56385 -0.0407438
-5.16454 8.56383 -0.0418279
-5.21852 8.53116 -0.0429114
-5.21855 8.53115 -0.0439949
-5.27221 8.49785 -0.0450816
-5.27223 8.49783 -0.0461669
-5.32493 8.46496 -0.0472545
-5.32496 8.46495 -0.0483417
-5.37865 8.4303 -0.0494302
-5.37867 8.43029 -0.0505183
-5.43052 8.39731 -0.051611
-5.43054 8.39729 -0.052702
-5.48449 8.36183 -0.0537962
-5.48452 8.36181 -0.0548898
-5.53677 8.32677 -0.0559812
-5.5368 8.32675 -0.0570738
-5.58699 8.29197 -0.0581666
-5.58701 8.29196 -0.0592588
-5.64086 8.25637 -0.0603529
-5.64089 8.25635 -0.0614464
-5.69257 8.22162 -0.0625412
-5.69259 8.2216 -0.0636357
-5.74406 8.18602 -0.064729
-5.74409 8.186 -0.0658229
-5.79544 8.15009 -0.0669157
-5.79547 8.15007 -0.0680087
-5.84563 8.11386 -0.0691045
-5.84566 8.11384 -0.0701991
-5.89725 8.07702 -0.0712936
-5.89728 8.07701 -0.0723887
-5.94701 8.03902 -0.0734834
-5.94703 8.03901 -0.074578
-5.99736 8.00043 -0.0756739
-5.99738 8.00041 -0.0767693
-6.04905 7.96262 -0.0778654
-6.04907 7.9626 -0.0789614
-6.09826 7.92527 -0.0800558
-6.09828 7.92525 -0.0811509
-6.14694 7.8865 -0.0822485
-6.14696 7.88648 -0.0833447
-6.19704 7.84897 -0.0844427
-6.19707 7.84895 -0.0855405
-6.2461 7.80894 -0.0866395
-6.24613 7.80892 -0.087738
-6.29599 7.77104 -0.0888352
-6.29602 7.77102 -0.0899331
-6.34522 7.73057 -0.0910334
-6.34525 7.73056 -0.0921325
-6.39153 7.69027 -0.0932335
-6.39156 7.69025 -0.0943342
-6.44092 7.64992 -0.0954337
-6.44095 7.6499 -0.0965339
-6.48878 7.6084 -0.0976368
-6.48881 7.60838 -0.0987382
-6.53769 7.56833 -0.0998418
-6.53771 7.56831 -0.100945
-6.58526 7.52703 -0.0805175
-6.58529 7.52701 -0.0691723
-6.63113 7.48456 -0.0630776
-6.63116 7.48454 -0.050937
-6.67811 7.44316 -0.0443839
-6.67813 7.44314 -0.0380242
-6.72329 7.40123 -0.0348113
-6.72332 7.40121 -0.0301895
-6.77066 7.35913 -0.0279816
-6.77068 7.3591 -0.0253498
-6.81722 7.31578 -0.0242925
-6.81724 7.31575 -0.0227498
-6.86321 7.27201 -0.0223237
-6.86323 7.27199 -0.0216314
-6.90913 7.22976 -0.0216968
-6.90915 7.22974 -0.0215549
-6.95342 7.18622 -0.0219364
-6.95345 7.1862 -0.0221845
-6.99872 7.14196 0.0140249
-6.99874 7.14194 0.0347993
-7.04357 7.09738 0.0463488
-7.04359 7.09736 0.0683005
-7.08749 7.0533 0.0805268
-7.08751 7.05328 0.0924675
-7.13251 7.00791 0.0989077
-7.13253 7.00789 0.107789
-7.1757 6.96337 0.112457
-7.17572 6.96335 0.117873
-7.21924 6.91848 0.120537
-7.21926 6.91846 0.124047
-7.26193 6.87307 0.12561
-7.26195 6.87305 0.127638
-7.3047 6.82685 0.128347
-7.30472 6.82683 0.129417
-7.34927 6.78141 0.129573
-7.34929 6.78138 0.129962
-7.39092 6.73504 0.129723
-7.39095 6.73502 0.129651
-7.43326 6.68836 0.129148
-7.43328 6.68834 0.128757
-7.47634 6.64079 0.128064
-7.47636 6.64076 0.127452
-7.51716 6.59483 0.126633
-7.51718 6.59481 0.125868
-7.55955 6.54752 0.124963
-7.55957 6.5475 0.124094
-7.59944 6.49944 0.123132
-7.59946 6.49941 0.122194
-7.63989 6.45212 0.121192
-7.63991 6.45209 0.120206
-7.68009 6.4037 0.119179
-7.68011 6.40367 0.118162
-7.72076 6.35557 0.117113
-7.72078 6.35554 0.116073
-7.76072 6.3069 0.115011
-7.76074 6.30688 0.113954
-7.80017 6.2588 0.112884
-7.80019 6.25878 0.111817
-7.83922 6.21002 0.110741
-7.83924 6.20999 0.109668
-7.87834 6.1609 0.10859
-7.87836 6.16088 0.107514
-7.91571 6.1099 0.106434
-7.91573 6.10987 0.105356
-7.95434 6.05894 0.104278
-7.95436 6.05892 0.1032
-7.99209 6.01009 0.102118
-7.9921 6.01006 0.101039
-8.02927 5.96008 0.0999584
-8.02928 5.96005 0.0988778
-8.06783 5.91014 0.0977973
-8.06785 5.91012 0.0967169
-8.10367 5.85885 0.0956387
-8.10369 5.85882 0.0945595
-8.13984 5.80685 0.0934821
-8.13986 5.80682 0.0924044
-8.17587 5.75703 0.0913303
-8.17588 5.757 0.0902547
-8.21308 5.70403 0.0891782
-8.21309 5.704 0.0881026
-8.2492 5.65279 0.0870282
-8.24922 5.65277 0.0859528
-8.28399 5.6011 0.0848807
-8.28401 5.60108 0.0838077
-8.32051 5.54973 0.0827369
-8.32053 5.5497 0.0816656
-8.35408 5.49571 0.0805981
-8.3541 5.49568 0.0795293
-8.38841 5.44362 0.0784633
-8.38842 5.44359 0.0773967
-8.42183 5.39112 0.0763344
-8.42184 5.39109 0.0752706
-8.45542 5.33808 0.0742098
-8.45544 5.33806 0.0731484
-8.48839 5.285 0.0720913
-8.48841 5.28497 0.0710327
-8.5222 5.23117 0.0699772
-8.52222 5.23115 0.0689211
-8.55529 5.17765 0.0678656
-8.55531 5.17763 0.0668102
-8.58705 5.1235 0.0657573
-8.58706 5.12347 0.0647033
-8.6193 5.06961 0.0636493
-8.61932 5.06958 0.0625957
-8.6515 5.01499 0.0615463
-8.65152 5.01496 0.0604949
-8.68337 4.96036 0.0594468
-8.68339 4.96034 0.0583981
-8.71392 4.90696 0.0573538
-8.71394 4.90693 0.0563078
-8.74367 4.85229 0.0552672
-8.74369 4.85226 0.054225
-8.77426 4.79767 0.0531846
-8.77427 4.79764 0.052144
-8.80463 4.74207 0.0511089
-8.80464 4.74205 0.0500715
-8.83334 4.68525 0.0490382
-8.83336 4.68523 0.0480042
-8.86249 4.63065 0.046973
-8.86251 4.63062 0.045941
-8.89163 4.57425 0.0449133
-8.89164 4.57422 0.0438841
-8.92112 4.51817 0.0428579
-8.92113 4.51815 0.041831
-8.94849 4.46271 0.0408085
-8.9485 4.46268 0.0397844
-8.97683 4.40608 0.0387598
-8.97684 4.40605 0.037736
-9.00383 4.34993 0.0367175
-9.00385 4.3499 0.0356964
-9.0312 4.29426 0.034678
-9.03122 4.29423 0.0336596
-9.05794 4.23701 0.0326427
-9.05796 4.23699 0.0316251
-9.08486 4.17875 0.030611
-9.08487 4.17872 0.0295957
-9.11061 4.12126 0.0285852
-9.11062 4.12123 0.0275732
-9.13621 4.06391 0.0265684
-9.13622 4.06388 0.0255611
-9.1621 4.00761 0.0245575
-9.16211 4.00758 0.0235534
-9.18788 3.94919 0.0225516
-9.18789 3.94916 0.021549
-9.21151 3.89054 0.0205518
-9.21152 3.89051 0.0195526
-9.23638 3.83335 0.0185583
-9.23639 3.83332 0.0175627
-9.26074 3.77536 0.0165704
-9.26075 3.77533 0.0155772
-9.28389 3.71761 0.0145884
-9.28391 3.71758 0.0135981
-9.30797 3.65853 0.0126111
-9.30798 3.6585 0.0116233
-9.3292 3.60038 0.0106436
-9.32921 3.60035 0.00966082
-9.35133 3.54169 0.00868415
-9.35134 3.54167 0.0077062
-9.37409 3.48233 0.00673456
-9.3741 3.4823 0.00576079
-9.39665 3.42301 0.00479006
-9.39666 3.42298 0.00381893
-9.41731 3.36346 0.00285346
-9.41733 3.36343 0.00188576
-9.43796 3.30438 0.000922354
-9.43797 3.30435 -4.19396e-05
-9.45954 3.2442 -0.000998976
-9.45955 3.24417 -0.00195872
-9.4789 3.1866 -0.00291527
-9.47891 3.18657 -0.00387204
-9.49865 3.12726 -0.00482841
-9.49866 3.12724 -0.00578487
-9.51853 3.06775 -0.00673524
-9.51854 3.06772 -0.00768816
-9.53651 3.00621 -0.00863419
-9.53652 3.00618 -0.00958207
-9.55599 2.94678 0.0110051
-9.556 2.94675 0.022509
-9.57267 2.88672 0.0287673
-9.57268 2.88668 0.0410699
-9.59142 2.8267 0.0477899
-9.59143 2.82667 0.0543151
-9.60841 2.76672 0.0576969
-9.60842 2.76669 0.0624867
-9.62556 2.7075 0.0648651
-9.62556 2.70747 0.0676666
-9.64356 2.64633 0.0688976
-9.64357 2.6463 0.0706125
-9.65973 2.58405 0.0712172
-9.65974 2.58402 0.0720861
-9.67586 2.52418 0.0722019
-9.67587 2.52415 0.0725239
-9.69216 2.46355 0.0723258
-9.69217 2.46352 0.07226
-9.70675 2.4034 0.0718375
-9.70676 2.40337 0.0715097
-9.7221 2.34074 0.0709415
-9.7221 2.34071 0.0704348
-9.73636 2.28029 0.0697656
-9.73637 2.28026 0.0691389
-9.7509 2.21995 0.0684005
-9.75091 2.21992 0.0676912
-9.76509 2.15811 0.066907
-9.7651 2.15808 0.066142
-9.77793 2.09757 0.0653278
-9.77794 2.09754 0.0645263
-9.78972 2.03563 0.0636932
-9.78972 2.0356 0.062868
-9.8034 1.97452 0.0620214
-9.80341 1.97449 0.0611805
-9.81656 1.91217 0.0603269
-9.81656 1.91214 0.0594763
-9.82721 1.85039 0.058617
-9.82721 1.85036 0.0577602
-9.83866 1.78851 0.0353733
-9.83867 1.78848 0.0220673
-9.84968 1.7254 0.014013
-9.84969 1.72537 -8.71993e-05
-9.85995 1.6647 -0.0086005
-9.85996 1.66467 -0.0169202
-9.87039 1.60261 -0.0220891
-9.8704 1.60258 -0.0286688
-9.88126 1.53975 -0.0328295
-9.88127 1.53972 -0.0374155
-9.88975 1.47692 -0.0404213
-9.88976 1.47688 -0.0439142
-9.89862 1.41602 -0.0462878
-9.89863 1.41599 -0.0489281
-9.90671 1.35367 -0.0508066
-9.90671 1.35364 -0.0528939
-9.91479 1.29117 -0.054449
-9.91479 1.29114 -0.0561405
-9.92366 1.22822 -0.0574623
-9.92367 1.22819 -0.0588825
-9.93056 1.16607 -0.0600474
-9.93057 1.16604 -0.0612785
-9.93834 1.10402 -0.0623319
-9.93834 1.10399 -0.0634324
-9.94551 1.04158 -0.0275937
-9.94552 1.04155 -0.00731713
-9.95266 0.979659 0.00406808
-9.95267 0.979627 0.0257683
-9.95799 0.917708 0.0379787
-9.958 0.917677 0.0498409
-9.96291 0.854946 0.0563652
-9.96292 0.854915 0.065288
-9.96795 0.792805 0.070115
-9.96795 0.792774 0.0756579
-9.97258 0.729972 0.0785328
-9.97258 0.72994 0.0822312
-9.97714 0.666366 0.0840433
-9.97715 0.666335 0.0863037
-9.98126 0.605617 0.0872867
-9.98126 0.605585 0.0886194
-9.98536 0.541622 0.0890659
-9.98536 0.541591 0.0897387
-9.98873 0.479044 0.0898058
-9.98873 0.479013 0.0900329
-9.99174 0.415993 0.0898483
-9.99174 0.415962 0.0897699
-9.99376 0.352976 0.0894086
-9.99376 0.352945 0.0891219
-9.99466 0.289934 0.0886388
-9.99466 0.289903 0.088207
-9.99642 0.227461 0.087646
-9.99642 0.22743 0.0871178
-9.99749 0.16471 0.086501
-9.99749 0.164679 0.0859077
-9.99838 0.101562 0.085259
-9.99838 0.101531 0.0846238
-10.0004 0.0384604 0.083951
-10.0004 0.0384289 0.0832883
-10.0004 -0.024573 0.0826018
-10.0004 -0.0246045 0.0819211
-9.99843 -0.0881749 0.0812263
-9.99844 -0.0882064 0.080535
-9.99726 -0.150745 0.0798401
-9.99726 -0.150777 0.0791452
-9.99825 -0.212631 0.0784484
-9.99825 -0.212662 0.0777523
-9.99704 -0.274919 0.0770546
-9.99704 -0.27495 0.0763572
-9.9937 -0.340206 0.0756607
-9.9937 -0.340237 0.0749637
-9.99116 -0.400892 0.07427
-9.99116 -0.400924 0.0735751
-9.98866 -0.464416 0.0728864
-9.98866 -0.464447 0.0721956
-9.98615 -0.525302 0.0715111
-9.98615 -0.525333 0.0708248
-9.98241 -0.589015 0.0701431
-9.98241 -0.589046 0.0694602
-9.97967 -0.652219 0.0687826
-9.97967 -0.65225 0.0681032
-9.97545 -0.71484 0.0674321
-9.97545 -0.714872 0.0667583
-9.96969 -0.777296 0.0660918
-9.96969 -0.777327 0.0654234
-9.96436 -0.839087 0.0647624
-9.96436 -0.839118 0.0640991
-9.95908 -0.902485 0.0634432
-9.95908 -0.902516 0.0627851
-9.95338 -0.963901 0.062138
-9.95338 -0.963933 0.0614872
-9.94676 -1.02706 0.0608444
-9.94676 -1.02709 0.0601998
-9.94054 -1.08936 0.0595627
-9.94054 -1.08939 0.0589232
-9.93359 -1.15273 0.0582893
-9.93359 -1.15276 0.057654
-9.92492 -1.21488 0.0570261
-9.92492 -1.21491 0.0563956
-9.91806 -1.27676 0.0557728
-9.91805 -1.27679 0.0551478
-9.90994 -1.3387 0.0545302
-9.90993 -1.33873 0.0539104
-9.90177 -1.40164 0.0533016
-9.90177 -1.40168 0.0526891
-9.89137 -1.46311 0.0520847
-9.89136 -1.46314 0.0514784
-9.88279 -1.52583 0.0508797
-9.88279 -1.52586 0.0502786
-9.8732 -1.58789 0.0496851
-9.8732 -1.58792 0.0490895
-9.86343 -1.64981 0.0485028
-9.86343 -1.64984 0.0479133
-9.85291 -1.71137 0.0473323
-9.85291 -1.7114 0.046749
-9.8418 -1.77373 0.0461753
-9.84179 -1.77376 0.0455985
-9.82908 -1.83527 0.0450309
-9.82908 -1.8353 0.0444607
-9.81752 -1.8974 0.0438991
-9.81751 -1.89743 0.043335
-9.80617 -1.95949 0.0427769
-9.80617 -1.95952 0.0422173
-9.79433 -2.02194 0.0416677
-9.79432 -2.02197 0.0411145
-9.78031 -2.08238 0.0405686
-9.78031 -2.08241 0.0400211
-9.76631 -2.1427 0.0394843
-9.76631 -2.14273 0.0389437
-9.75228 -2.20354 0.038413
-9.75228 -2.20357 0.0378798
-9.73813 -2.26598 0.0373534
-9.73812 -2.26601 0.0368252
-9.72531 -2.32704 0.0363076
-9.72531 -2.32707 0.0357864
-9.71017 -2.38714 0.0352713
-9.71016 -2.38717 0.0347552
-9.69532 -2.44831 0.0342468
-9.69531 -2.44834 0.0337355
-9.68006 -2.50977 0.0332336
-9.68005 -2.5098 0.0327289
-9.66329 -2.57034 0.032233
-9.66329 -2.57037 0.0317346
-9.64789 -2.6323 0.0312446
-9.64788 -2.63233 0.030752
-9.63096 -2.6929 0.0302676
-9.63095 -2.69293 0.0297807
-9.61381 -2.75282 0.0293054
-9.6138 -2.75285 0.0288263
-9.59523 -2.81319 0.0283553
-9.59522 -2.81322 0.0278826
-9.57892 -2.87361 0.0274212
-9.57891 -2.87364 0.0269558
-9.5594 -2.93426 0.0264965
-9.55939 -2.93429 0.0260364
-9.54173 -2.99385 0.025586
-9.54173 -2.99388 0.0251319
-9.5226 -3.05303 0.0246873
-9.52259 -3.05306 0.0242402
-9.50263 -3.11231 0.0237995
-9.50262 -3.11234 0.0233572
-9.48287 -3.17211 0.0229214
-9.48286 -3.17214 0.0224835
-9.46367 -3.23197 0.0220563
-9.46366 -3.232 0.0216254
-9.44284 -3.29158 0.0212044
-9.44283 -3.29161 0.0207807
-9.4206 -3.35018 0.0203675
-9.42059 -3.35021 0.019951
-9.40047 -3.40851 0.019542
-9.40046 -3.40854 0.0191312
-9.37812 -3.4686 0.0187313
-9.37811 -3.46863 0.0183275
-9.35599 -3.52694 0.0179317
-9.35598 -3.52697 0.0175341
-9.33394 -3.58575 0.0171457
-9.33393 -3.58578 0.0167541
-9.31107 -3.64446 0.016369
-9.31106 -3.64449 0.0159825
-9.28912 -3.70345 0.0156025
-9.2891 -3.70348 0.0152204
-9.26548 -3.76169 0.0148452
-9.26546 -3.76172 0.0144679
-9.23962 -3.81985 0.0141013
-9.23961 -3.81987 0.013731
-9.21621 -3.8778 0.0133723
-9.21619 -3.87783 0.0130101
-9.19168 -3.93635 0.0126582
-9.19166 -3.93638 0.0123034
-9.1687 -3.99375 0.0119556
-9.16869 -3.99378 0.0116061
-9.14255 -4.05192 0.0112636
-9.14254 -4.05195 0.0109188
-9.11638 -4.10795 0.0105848
-9.11637 -4.10798 0.0102472
-9.08989 -4.1655 0.00991741
-9.08988 -4.16553 0.00958584
-9.06536 -4.22107 0.00926534
-9.06535 -4.2211 0.00894091
-9.03879 -4.27863 0.00863035
-9.03878 -4.27866 0.00831557
-9.01106 -4.33647 0.00801266
-9.01105 -4.3365 0.00770651
-8.98353 -4.39305 0.0074104
-8.98352 -4.39308 0.00711141
-8.95505 -4.45003 0.0068216
-8.95504 -4.45006 0.00652911
-8.92678 -4.50619 0.00624301
-8.92677 -4.50622 0.00595533
-8.89866 -4.56174 0.00567786
-8.89864 -4.56177 0.00539674
-8.8689 -4.61676 0.00512511
-8.86889 -4.61679 0.004851
-8.83881 -4.67233 0.00458709
-8.8388 -4.67236 0.0043199
-8.81059 -4.72773 0.00406221
-8.81057 -4.72775 0.00380188
-8.7809 -4.78204 0.00354814
-8.78088 -4.78207 0.00329271
-8.75158 -4.83874 0.00304754
-8.75156 -4.83877 0.00279874
-8.72134 -4.89348 0.00255749
-8.72132 -4.8935 0.00231457
-8.68887 -4.94691 0.00208265
-8.68885 -4.94694 0.00184678
-8.65898 -5.00192 0.00161882
-8.65897 -5.00195 0.00138917
-8.62765 -5.05679 0.00117066
-8.62764 -5.05681 0.000948141
-8.59542 -5.1119 0.00073594
-8.5954 -5.11193 0.000521059
-8.56423 -5.16506 0.000317044
-8.56422 -5.16509 0.00010956
-8.53085 -5.21892 -8.80945e-05
-8.53084 -5.21894 -0.000288448
-8.49751 -5.27286 -0.00047624
-8.49749 -5.27289 -0.000668208
-8.46412 -5.32542 -0.000853152
-8.46411 -5.32545 -0.00103931
-8.43111 -5.37876 -0.00121881
-8.43109 -5.37879 -0.00140062
-8.39554 -5.43127 -0.00157184
-8.39552 -5.4313 -0.00174657
-8.36294 -5.48437 -0.00191362
-8.36292 -5.4844 -0.00208245
-8.3272 -5.53694 -0.00224026
-8.32719 -5.53696 -0.00240199
-8.29045 -5.58883 -0.00254988
-8.29043 -5.58886 -0.00270197
-8.25626 -5.64121 -0.0028442
-8.25624 -5.64124 -0.00298884
-8.22199 -5.69147 -0.00312681
-8.22197 -5.6915 -0.0032666
-8.18523 -5.74289 -0.00339612
-8.18522 -5.74292 -0.00352922
-8.14807 -5.79465 -0.00365275
-8.14805 -5.79467 -0.00377881
-8.1126 -5.84567 -0.00389437
-8.11258 -5.8457 -0.0040133
-8.07558 -5.89668 -0.00412477
-8.07556 -5.8967 -0.00423798
-8.0381 -5.94773 -0.00434039
-8.03808 -5.94776 -0.00444663
-8.00057 -5.99745 -0.00454494
-8.00055 -5.99748 -0.00464499
-7.96291 -6.0479 -0.00473392
-7.96289 -6.04792 -0.00482682
-7.92437 -6.09882 -0.00490584
-7.92435 -6.09885 -0.00498906
-7.88564 -6.14847 -0.00506237
-7.88562 -6.14849 -0.0051381
-7.84829 -6.19698 -0.00520492
-7.84827 -6.19701 -0.00527449
-7.808 -6.2464 -0.0053364
-7.80799 -6.24643 -0.00540039
-7.76844 -6.29575 -0.00545326
-7.76842 -6.29578 -0.00550995
-7.72897 -6.34501 -0.00555627
-7.72895 -6.34504 -0.00560537
-7.69005 -6.39348 -0.0056415
-7.69003 -6.39351 -0.00568195
-7.64913 -6.44092 -0.00571315
-7.64911 -6.44094 -0.00574645
-7.60898 -6.48858 -0.00577145
-7.60896 -6.4886 -0.00579908
-7.56824 -6.53638 -0.00581711
-7.56822 -6.53641 -0.0058381
-7.52713 -6.58358 -0.00584861
-7.52711 -6.5836 -0.00586231
-7.48555 -6.63002 -0.00586643
-7.48553 -6.63004 -0.00587326
-7.44367 -6.67743 -0.00586979
-7.44365 -6.67746 -0.00586953
-7.40195 -6.72545 -0.00585979
-7.40193 -6.72548 -0.0058527
-7.35896 -6.77035 -0.00583889
-7.35894 -6.77037 -0.00582682
-7.31666 -6.81685 -0.00580652
-7.31664 -6.81687 -0.00578898
-7.27253 -6.86184 -0.00575766
-7.27251 -6.86186 -0.005731
-7.22969 -6.90732 -0.00569435
-7.22967 -6.90735 -0.00565995
-7.18545 -6.95382 -0.00561519
-7.18542 -6.95384 -0.00557386
-7.14273 -6.99974 -0.00551917
-7.14271 -6.99976 -0.00546868
-7.09785 -7.04331 -0.00540864
-7.09783 -7.04333 -0.00535087
-7.05424 -7.08861 -0.00528095
-7.05422 -7.08863 -0.00521521
-7.00961 -7.1337 -0.00514071
-7.00959 -7.13372 -0.00506816
-6.96445 -7.17688 -0.00498594
-6.96443 -7.1769 -0.00490699
-6.92038 -7.22153 -0.00481898
-6.92036 -7.22155 -0.00473343
-6.87457 -7.26398 -0.00463799
-6.87455 -7.264 -0.0045457
-6.82827 -7.3066 -0.00444422
-6.82825 -7.30662 -0.0043453
-6.78204 -7.3486 -0.00423637
-6.78201 -7.34862 -0.00413059
-6.73575 -7.39066 -0.004014
-6.73573 -7.39068 -0.00390066
-6.68936 -7.43309 -0.00377759
-6.68934 -7.43311 -0.00365728
-6.64227 -7.47636 -0.00352431
-6.64225 -7.47638 -0.00339554
-6.59493 -7.51677 -0.00325759
-6.59491 -7.51679 -0.00312176
-6.54799 -7.55759 -0.0029761
-6.54797 -7.55762 -0.0028337
-6.49966 -7.60009 -0.00268443
-6.49964 -7.60011 -0.00253669
-6.45158 -7.64047 -0.00237837
-6.45155 -7.64049 -0.00222387
-6.40267 -7.67995 -0.00205941
-6.40264 -7.67997 -0.00189755
-6.3556 -7.72115 -0.00172749
-6.35558 -7.72117 -0.0015598
-6.30613 -7.76092 -0.00138421
-6.30611 -7.76094 -0.00121097
-6.25811 -7.79981 -0.00102845
-6.25809 -7.79983 -0.000848861
-6.20799 -7.83953 -0.000660604
-6.20797 -7.83955 -0.000474775
-6.16022 -7.87758 -0.000277099
-6.16019 -7.8776 -8.34066e-05
-6.11036 -7.91617 0.000120348
-6.11033 -7.91619 0.000321528
-6.06009 -7.95361 0.000531626
-6.06006 -7.95363 0.000739037
-6.00999 -7.99196 0.000956508
-6.00997 -7.99198 0.00117086
-5.96011 -8.02969 0.0382146
-5.96008 -8.02971 0.0597241
-5.90984 -8.06769 0.0722639
-5.90981 -8.06771 0.0951401
-5.85966 -8.10391 0.108476
-5.85964 -8.10393 0.121476
-5.80773 -8.14021 0.129104
-5.80771 -8.14023 0.13914
-5.75507 -8.17775 0.145056
-5.75504 -8.17776 0.151694
-5.70435 -8.21258 0.155648
-5.70432 -8.2126 0.160429
-5.65228 -8.24741 0.163315
-5.65226 -8.24743 0.166651
-5.60069 -8.28438 0.168701
-5.60066 -8.2844 0.171104
-5.54787 -8.31936 0.17262
-5.54784 -8.31937 0.174361
-5.49574 -8.35393 0.153963
-5.49571 -8.35395 0.142809
-5.44226 -8.38771 0.136491
-5.44223 -8.38773 0.124233
-5.39037 -8.4232 0.117282
-5.39035 -8.42321 0.110598
-5.33755 -8.45646 0.10687
-5.33752 -8.45648 0.101783
-5.2839 -8.48997 0.0989813
-5.28387 -8.48999 0.095789
-5.2307 -8.52271 0.0940853
-5.23067 -8.52273 0.0919186
-5.17774 -8.5552 0.0908094
-5.17772 -8.55521 0.0894495
-5.12312 -8.58682 0.0888103
-5.1231 -8.58683 0.0879729
-5.06896 -8.61956 0.0876381
-5.06893 -8.61958 0.0871749
-5.01522 -8.65154 0.0870622
-5.01519 -8.65156 0.0868559
-4.96068 -8.68323 0.0868917
-4.96066 -8.68325 0.086865
-4.90627 -8.71394 0.0870083
-4.90625 -8.71395 0.0871063
-4.85063 -8.74505 0.0873239
-4.8506 -8.74507 0.0875102
-4.79613 -8.77486 0.0877846
-4.7961 -8.77487 0.0880351
-4.74076 -8.80473 0.0883466
-4.74074 -8.80474 0.0886425
-4.68452 -8.8338 0.0889839
-4.68449 -8.83382 0.0893128
-4.62931 -8.86367 0.0896769
-4.62929 -8.86369 0.0900314
-4.5747 -8.89298 0.0904126
-4.57467 -8.893 0.0907866
-4.51915 -8.92108 0.0911827
-4.51913 -8.92109 0.0915725
-4.46196 -8.94934 0.0919776
-4.46193 -8.94935 0.0923788
-4.40543 -8.97612 0.0927943
-4.4054 -8.97614 0.0932054
-4.34898 -9.00385 0.0936302
-4.34895 -9.00386 0.094051
-4.29319 -9.03147 0.0944836
-4.29316 -9.03148 0.0949128
-4.23744 -9.05864 0.0953539
-4.23741 -9.05866 0.0957914
-4.17816 -9.08526 0.0962409
-4.17813 -9.08528 0.0966868
-4.12222 -9.11059 0.0971413
-4.12219 -9.1106 0.0975936
-4.06546 -9.13667 0.0980554
-4.06543 -9.13669 0.0985141
-4.0068 -9.16163 0.0989815
-4.00677 -9.16164 0.0994465
-3.94923 -9.18611 0.0999214
-3.9492 -9.18613 0.100393
-3.89162 -9.21131 0.100872
-3.89159 -9.21132 0.101349
-3.83289 -9.23607 0.101833
-3.83286 -9.23608 0.102315
-3.77593 -9.25903 0.102805
-3.77591 -9.25905 0.103292
-3.71773 -9.28329 0.103786
-3.7177 -9.2833 0.104278
-3.65929 -9.30605 0.10478
-3.65926 -9.30606 0.105279
-3.60177 -9.32873 0.105783
-3.60174 -9.32874 0.106285
-3.54141 -9.35065 0.106795
-3.54138 -9.35067 0.107302
-3.48288 -9.37345 0.107817
-3.48285 -9.37346 0.108329
-3.42251 -9.39487 0.10885
-3.42248 -9.39488 0.109368
-3.36536 -9.41584 0.109897
-3.36533 -9.41585 0.110422
-3.30594 -9.43747 0.110956
-3.30591 -9.43748 0.111488
-3.24688 -9.45783 0.112029
-3.24685 -9.45784 0.112568
-3.18712 -9.47753 0.113113
-3.18709 -9.47754 0.113657
-3.12659 -9.49778 0.114207
-3.12656 -9.49779 0.114755
-3.06646 -9.51847 0.115314
-3.06643 -9.51848 0.115869
-3.0075 -9.53685 0.116433
-3.00747 -9.53686 0.116995
-2.9474 -9.5543 0.117565
-2.94737 -9.55431 0.118133
-2.8868 -9.57331 0.118709
-2.88677 -9.57332 0.119282
-2.82705 -9.5916 0.119864
-2.82702 -9.59161 0.120444
-2.7682 -9.60896 0.12103
-2.76817 -9.60897 0.121614
-2.70783 -9.62618 0.122208
-2.7078 -9.62619 0.122799
-2.64506 -9.64413 0.123401
-2.64503 -9.64414 0.124
-2.58508 -9.66009 0.124607
-2.58505 -9.6601 0.125211
-2.52374 -9.67578 0.125825
-2.52371 -9.67578 0.126436
-2.46263 -9.69151 0.127053
-2.4626 -9.69152 0.127669
-2.40287 -9.70611 0.128292
-2.40284 -9.70611 0.128913
-2.34187 -9.72176 0.129542
-2.34184 -9.72176 0.130168
-2.28027 -9.7362 0.130807
-2.28024 -9.73621 0.131442
-2.21906 -9.74987 0.132086
-2.21903 -9.74988 0.132728
-2.15762 -9.76385 0.133376
-2.15759 -9.76386 0.134023
-2.09707 -9.77735 0.134677
-2.09704 -9.77736 0.135329
-2.03643 -9.78871 0.13599
-2.0364 -9.78872 0.136648
-1.97421 -9.80276 0.137313
-1.97418 -9.80277 0.137976
-1.91198 -9.81474 0.138644
-1.91195 -9.81474 0.139311
-1.85034 -9.82763 0.139984
-1.85031 -9.82764 0.140655
-1.78852 -9.83922 0.141337
-1.78849 -9.83922 0.142015
-1.72705 -9.84864 0.142699
-1.72702 -9.84864 0.143381
-1.66546 -9.85882 0.144073
-1.66543 -9.85882 0.144762
-1.60328 -9.86927 0.145457
-1.60325 -9.86928 0.146151
-1.5412 -9.87963 0.110039
-1.54117 -9.87964 0.0894532
-1.47868 -9.88972 0.0778552
-1.47865 -9.88973 0.0559166
-1.41661 -9.89896 0.0435363
-1.41658 -9.89897 0.031486
-1.35413 -9.90754 0.0248263
-1.3541 -9.90755 0.0157536
-1.29181 -9.91661 0.0108152
-1.29178 -9.91661 0.00515079
-1.22965 -9.92465 0.00218881
-1.22962 -9.92465 -0.00160685
-1.16719 -9.93301 -0.00349057
-1.16716 -9.93301 -0.00582914
-1.10458 -9.93822 -0.00686467
-1.10455 -9.93822 -0.00825799
-1.04289 -9.94527 -0.00874929
-1.04286 -9.94528 -0.00947016
-0.98081 -9.95101 -0.00956917
-0.980779 -9.95101 -0.00983365
-0.916099 -9.95728 -0.00966291
-0.916068 -9.95728 -0.00960595
-0.85387 -9.96302 -0.00925148
-0.853839 -9.96303 -0.00897452
-0.79223 -9.96773 -0.00848911
-0.792199 -9.96773 -0.00805894
-0.7292 -9.97262 -0.007483
-0.729169 -9.97262 -0.00694525
-0.666864 -9.97673 -0.00630349
-0.666832 -9.97673 -0.00568949
-0.603353 -9.98152 -0.00500362
-0.603322 -9.98152 -0.00433635
-0.541123 -9.98577 -0.003616
-0.541091 -9.98577 -0.0029102
-0.478323 -9.98888 -0.00216752
-0.478292 -9.98888 -0.00143427
-0.416017 -9.99062 -0.000672163
-0.415986 -9.99063 8.17453e-05
-0.353619 -9.99322 0.000859339
-0.353588 -9.99323 0.0016304
-0.290953 -9.99534 -0.0191144
-0.290921 -9.99534 -0.0307805
-0.225988 -9.99736 -0.0371841
-0.225957 -9.99736 -0.0496372
-0.162528 -9.99858 -0.0564923
-0.162496 -9.99858 -0.0631569
-0.100463 -9.99908 -0.0666616
-0.100431 -9.99908 -0.0715796
-0.037734 -10 -0.0740748
-0.0377027 -10 -0.0769958
0.0246703 -10.0003 -0.0783328
0.0247015 -10.0003 -0.0801583
0.0868966 -9.99932 -0.0808619
0.0869279 -9.99932 -0.0818327
0.149721 -9.99778 -0.0820386
0.149752 -9.99778 -0.0824544
0.211373 -9.99724 -0.0823359
0.211404 -9.99724 -0.0823542
0.275269 -9.99636 -0.0820058
0.2753 -9.99636 -0.0817544
0.337242 -9.99354 -0.08125
0.337273 -9.99354 -0.0808114
0.400151 -9.99219 -0.0801952
0.400182 -9.99219 -0.0796262
0.462615 -9.98972 -0.0789346
0.462647 -9.98971 -0.0782749
0.526399 -9.98701 -0.0775271
0.52643 -9.98701 -0.0768031
0.588544 -9.98257 -0.0760183
0.588576 -9.98257 -0.0752491
0.651651 -9.9786 -0.0744345
0.651683 -9.97859 -0.0736325
0.715391 -9.97356 -0.0727954
0.715422 -9.97356 -0.0719679
0.776748 -9.96911 -0.0711181
0.77678 -9.96911 -0.0702737
0.839998 -9.96509 -0.0694107
0.840029 -9.96509 -0.0685532
0.901871 -9.96058 -0.0676804
0.901903 -9.96057 -0.0668117
0.963568 -9.95364 -0.0659345
0.963599 -9.95363 -0.0650591
1.02648 -9.94713 -0.0641746
1.02652 -9.94713 -0.0632931
1.08946 -9.94079 -0.0624015
1.0895 -9.94078 -0.0615128
1.15217 -9.93385 -0.0606148
1.1522 -9.93384 -0.0597194
1.21568 -9.92587 -0.058816
1.21571 -9.92587 -0.0579148
1.27872 -9.91843 -0.0570081
1.27875 -9.91842 -0.0561028
1.33942 -9.91024 -0.05519
1.33945 -9.91024 -0.0542797
1.40312 -9.90096 -0.0533663
1.40315 -9.90096 -0.0524531
1.4651 -9.89197 -0.0515323
1.46513 -9.89197 -0.0506146
1.52733 -9.88199 -0.0496874
1.52736 -9.88199 -0.0487629
1.58832 -9.8728 -0.0478319
1.58835 -9.8728 -0.0469025
1.65062 -9.8621 -0.0459708
1.65065 -9.86209 -0.0450394
1.71202 -9.85177 -0.0441029
1.71205 -9.85177 -0.0431685
1.77451 -9.84059 -0.0422303
1.77454 -9.84058 -0.0412928
1.83635 -9.82945 -0.0403492
1.83639 -9.82945 -0.0394079
1.89763 -9.81813 -0.0384621
1.89767 -9.81813 -0.0375172
1.95911 -9.80522 -0.0365657
1.95914 -9.80521 -0.0356165
2.0201 -9.7934 -0.0346627
2.02013 -9.79339 -0.0337098
2.08178 -9.78017 -0.0327522
2.08181 -9.78016 -0.0317962
2.14434 -9.7662 -0.0308369
2.14437 -9.76619 -0.0298783
2.2053 -9.75286 -0.0289138
2.20533 -9.75286 -0.0279515
2.26613 -9.73902 -0.0269827
2.26616 -9.73901 -0.0260158
2.32713 -9.7243 -0.0250407
2.32716 -9.7243 -0.0240683
2.38717 -9.70983 -0.0230923
2.3872 -9.70982 -0.0221166
2.44897 -9.695 -0.0211388
2.449 -9.69499 -0.0201617
2.51008 -9.68057 -0.0191794
2.51011 -9.68056 -0.0181989
2.57036 -9.6642 -0.0172108
2.57039 -9.6642 -0.0162252
2.63187 -9.64693 -0.0152342
2.6319 -9.64693 -0.0142444
2.6913 -9.62885 -0.0132534
2.69133 -9.62885 -0.0122624
2.75258 -9.6128 -0.0112671
2.75261 -9.61279 -0.0102736
2.81312 -9.59655 -0.00927677
2.81315 -9.59654 -0.0082806
2.87353 -9.57816 -0.00728051
2.87356 -9.57816 -0.00628181
2.93436 -9.56087 -0.00528041
2.93439 -9.56087 -0.00427956
2.99318 -9.54218 -0.00327332
2.99321 -9.54217 -0.00226911
3.05335 -9.52261 -0.00126094
3.05338 -9.5226 -0.000253576
3.1127 -9.50196 0.000757771
3.11273 -9.50195 0.00176779
3.17191 -9.48298 0.0027806
3.17194 -9.48297 0.0037928
3.23162 -9.4629 0.00480901
3.23165 -9.46289 0.00582379
3.29153 -9.4428 0.00684312
3.29156 -9.44279 0.00786114
3.34986 -9.42116 0.0088823
3.34989 -9.42115 0.00990269
3.40971 -9.39976 0.010931
3.40974 -9.39975 0.0119562
3.46921 -9.37786 0.0129829
3.46924 -9.37785 0.0140103
3.52842 -9.35603 0.0150419
3.52845 -9.35602 0.0160715
3.58644 -9.33458 0.0171043
3.58647 -9.33457 0.0181367
3.64606 -9.31117 0.0191748
3.64609 -9.31116 0.0202108
3.70496 -9.28836 0.0212488
3.70499 -9.28835 0.0222869
3.76216 -9.26516 0.0233261
3.76219 -9.26514 0.0243648
3.82007 -9.24078 0.0254043
3.8201 -9.24077 0.0264437
3.87731 -9.21761 0.0274872
3.87734 -9.2176 0.0285291
3.93605 -9.19357 0.0295776
3.93608 -9.19356 0.0306241
3.99392 -9.16803 0.0316733
3.99395 -9.16802 0.0327222
4.05052 -9.14226 0.0122426
4.05055 -9.14225 0.000844464
4.1073 -9.11807 -0.00529841
4.10732 -9.11805 -0.0174888
4.16496 -9.09153 -0.0240899
4.16499 -9.09151 -0.0304977
4.22324 -9.06469 -0.0337555
4.22327 -9.06468 -0.0384236
4.28081 -9.03717 -0.0406742
4.28083 -9.03716 -0.0433497
4.33669 -9.01169 -0.0444484
4.33672 -9.01168 -0.0460329
4.39277 -8.98508 -0.0464972
4.3928 -8.98507 -0.0472291
4.44883 -8.95604 -0.0472025
4.44886 -8.95603 -0.0473829
4.50554 -8.92892 -0.0470356
4.50557 -8.92891 -0.0468235
4.56092 -8.89973 -0.0462499
4.56095 -8.89971 -0.0457717
4.61668 -8.86964 -0.045042
4.61671 -8.86963 -0.0443782
4.673 -8.84058 -0.0220135
4.67303 -8.84057 -0.00877496
4.72768 -8.81135 -0.000665958
4.72771 -8.81133 0.0134565
4.78311 -8.78293 0.0220725
4.78314 -8.78292 0.0304746
4.83903 -8.7523 0.0357878
4.83906 -8.75229 0.0424941
4.89287 -8.72124 0.0468284
4.8929 -8.72123 0.0515756
4.94895 -8.68925 0.0547786
4.94897 -8.68923 0.0584588
5.00157 -8.65774 0.0610411
5.0016 -8.65773 0.0638852
5.05666 -8.62767 0.0659878
5.05669 -8.62765 0.0682928
5.11015 -8.59546 0.0700837
5.11018 -8.59544 0.0720061
5.1641 -8.56243 0.0735775
5.16413 -8.56242 0.0752414
5.21832 -8.53054 0.0766632
5.21835 -8.53052 0.078148
5.27374 -8.49715 0.0794663
5.27377 -8.49714 0.0808282
5.32603 -8.46328 0.0820769
5.32606 -8.46327 0.083355
5.37918 -8.42879 0.0845551
5.3792 -8.42878 0.0857757
5.43111 -8.39589 0.0869403
5.43113 -8.39588 0.0881199
5.4838 -8.36224 0.0892667
5.48383 -8.36223 0.090421
5.53556 -8.32817 0.091551
5.53558 -8.32815 0.0926881
5.58801 -8.29378 0.0938118
5.58803 -8.29376 0.0949382
5.64047 -8.25775 0.0960536
5.64049 -8.25773 0.0971725
5.69185 -8.22241 0.0982813
5.69187 -8.22239 0.0993929
5.7433 -8.18601 0.100497
5.74332 -8.18599 0.101604
5.79508 -8.14927 0.102709
5.79511 -8.14925 0.103814
5.8473 -8.1125 0.104918
5.84733 -8.11248 0.106022
5.89735 -8.07603 0.107124
5.89738 -8.07601 0.108227
5.94791 -8.03872 0.109332
5.94794 -8.0387 0.110435
5.99908 -7.99989 0.111538
5.9991 -7.99988 0.112641
6.04794 -7.96352 0.113744
6.04796 -7.9635 0.114846
6.09687 -7.92425 0.115946
6.09689 -7.92423 0.117048
6.14696 -7.88704 0.11815
6.14698 -7.88702 0.119252
6.19736 -7.84795 0.120353
6.19738 -7.84794 0.121454
6.24631 -7.80819 0.122557
6.24634 -7.80817 0.123659
6.29631 -7.77006 0.124764
6.29633 -7.77004 0.125868
6.34509 -7.73012 0.126974
6.34511 -7.7301 0.128079
6.39319 -7.69013 0.129184
6.39321 -7.69011 0.130289
6.44215 -7.64992 0.131395
6.44217 -7.6499 0.132501
6.48817 -7.60845 0.133607
6.48819 -7.60843 0.134713
6.53694 -7.5682 0.135821
6.53697 -7.56818 0.136929
6.5842 -7.52602 0.138036
6.58423 -7.526 0.139143
6.63162 -7.48515 0.140248
6.63164 -7.48513 0.141354
6.67762 -7.44388 0.142459
6.67764 -7.44386 0.143564
6.72336 -7.40136 0.144669
6.72338 -7.40134 0.145774
6.77026 -7.35909 0.146879
6.77028 -7.35907 0.147984
6.81605 -7.31511 0.149088
6.81608 -7.31509 0.150193
6.86217 -7.27294 0.151299
6.8622 -7.27292 0.152404
6.90853 -7.22972 0.153511
6.90855 -7.2297 0.154617
6.95459 -7.18686 0.155724
6.95461 -7.18683 0.156831
6.99875 -7.14378 0.157934
6.99877 -7.14376 0.159039
7.04297 -7.09837 0.160146
7.043 -7.09835 0.161252
7.08644 -7.05413 0.16236
7.08646 -7.05411 0.163467
7.13145 -7.00916 0.164572
7.13147 -7.00914 0.165678
7.17551 -6.96412 0.166784
7.17553 -6.9641 0.167889
7.21952 -6.9198 0.168993
7.21954 -6.91978 0.170097
7.26269 -6.87351 0.171198
7.26272 -6.87349 0.1723
7.30679 -6.82748 0.173403
7.30681 -6.82746 0.174505
7.34926 -6.78112 0.175605
7.34928 -6.7811 0.176707
7.3924 -6.73479 0.177807
7.39242 -6.73476 0.178908
7.43454 -6.68802 0.180006
7.43456 -6.68799 0.181105
7.47522 -6.64091 0.182205
7.47524 -6.64089 0.183304
7.51709 -6.59455 0.184402
7.51711 -6.59452 0.185501
7.55821 -6.54801 0.1866
7.55823 -6.54798 0.187698
7.60001 -6.49994 0.188796
7.60003 -6.49992 0.189893
7.64015 -6.45125 0.190989
7.64017 -6.45122 0.192085
7.67984 -6.40374 0.134833
7.67986 -6.40372 0.102193
7.72012 -6.3554 0.0837793
7.72014 -6.35537 0.0489824
7.76077 -6.3067 0.0293221
7.76079 -6.30667 0.0101876
7.79984 -6.25902 -0.000417413
7.79986 -6.25899 -0.0148421
7.83769 -6.20896 -0.0227242
7.83771 -6.20893 -0.0317549
7.87756 -6.15889 -0.0365208
7.87758 -6.15887 -0.0426011
7.91583 -6.10987 -0.0456636
7.91585 -6.10985 -0.0494446
7.95472 -6.05984 -0.051174
7.95474 -6.05982 -0.0534656
7.9937 -6.01027 -0.0543376
7.99372 -6.01024 -0.0555712
8.03017 -5.95924 -0.05583
8.03018 -5.95921 -0.0563474
8.06584 -5.90886 -0.0561943
8.06586 -5.90883 -0.056215
8.10354 -5.85718 -0.0557749
8.10355 -5.85716 -0.0554558
8.14067 -5.80629 -0.0548193
8.14069 -5.80627 -0.0542657
8.17748 -5.75617 -0.0534956
8.1775 -5.75614 -0.0527819
8.21406 -5.70432 -0.0519193
8.21407 -5.7043 -0.0510957
8.24827 -5.65277 -0.050168
8.24829 -5.65274 -0.0492678
8.28307 -5.60063 -0.048296
8.28309 -5.6006 -0.0473428
8.31781 -5.54946 -0.0463426
8.31783 -5.54943 -0.0453544
8.35265 -5.49782 -0.044336
8.35267 -5.49779 -0.0433253
8.38695 -5.44425 -0.0422939
8.38696 -5.44423 -0.041268
8.42187 -5.39126 -0.0402301
8.42189 -5.39123 -0.039195
8.45601 -5.33835 -0.038154
8.45603 -5.33833 -0.0371143
8.48794 -5.28506 -0.0360706
8.48796 -5.28504 -0.035028
8.52196 -5.23255 -0.0339827
8.52197 -5.23252 -0.0329381
8.55443 -5.17859 -0.0318901
8.55445 -5.17857 -0.0308433
8.58794 -5.12355 -0.0297962
8.58796 -5.12352 -0.0287486
8.61918 -5.07031 -0.0277013
8.6192 -5.07028 -0.026654
8.65131 -5.01519 -0.0256068
8.65133 -5.01516 -0.0245595
8.68169 -4.9612 -0.0235145
8.6817 -4.96117 -0.0224685
8.71365 -4.90729 -0.0214264
8.71366 -4.90726 -0.0203831
8.74376 -4.85278 -0.0193425
8.74377 -4.85275 -0.0183012
8.77331 -4.79695 -0.0172639
8.77332 -4.79692 -0.0162252
8.8042 -4.74127 -0.0151875
8.80421 -4.74124 -0.0141499
8.83387 -4.68577 -0.0131172
8.83389 -4.68574 -0.0120824
8.86333 -4.63115 -0.0110511
8.86335 -4.63112 -0.0100193
8.89149 -4.57464 -0.00898976
8.89151 -4.57461 -0.00795951
8.91931 -4.5185 -0.00693315
8.91933 -4.51847 -0.00590545
8.94854 -4.46237 -0.00487921
8.94856 -4.46234 -0.0038529
8.97688 -4.4073 -0.00283108
8.97689 -4.40727 -0.00180738
9.0043 -4.34877 -0.000789115
9.00431 -4.34875 0.000230668
9.03023 -4.29284 0.00124437
9.03024 -4.29281 0.00226002
9.05738 -4.23602 0.00326898
9.05739 -4.23599 0.00427996
9.08475 -4.17929 0.00528636
9.08476 -4.17926 0.00629386
9.11048 -4.12234 0.00729978
9.11049 -4.12231 0.00830593
9.13676 -4.06528 0.00930736
9.13677 -4.06525 0.0103107
9.16187 -4.00772 0.0113083
9.16188 -4.0077 0.0123075
9.1873 -3.94985 0.0133006
9.18731 -3.94982 0.0142956
9.21092 -3.89168 0.0152861
9.21093 -3.89165 0.0162777
9.23574 -3.83502 0.0172698
9.23576 -3.83499 0.0182613
9.26041 -3.77529 0.0192513
9.26042 -3.77526 0.0202422
9.28283 -3.71733 0.0212282
9.28284 -3.7173 0.0222158
9.30644 -3.65907 0.0231976
9.30645 -3.65904 0.0241812
9.32977 -3.60081 0.0251621
9.32978 -3.60078 0.0261434
9.35232 -3.54184 0.0271231
9.35233 -3.54181 0.0281034
9.37438 -3.48269 0.0290766
9.37439 -3.48266 0.0300526
9.39465 -3.42351 0.0310232
9.39467 -3.42348 0.0319949
9.41694 -3.36421 0.0329645
9.41695 -3.36418 0.0339346
9.4364 -3.30516 0.0349033
9.43641 -3.30513 0.0358723
9.4573 -3.24531 0.0368346
9.45731 -3.24528 0.0377996
9.47825 -3.18615 0.0387572
9.47826 -3.18612 0.0397168
9.49876 -3.12658 0.0406693
9.49877 -3.12655 0.041624
9.51782 -3.0675 0.0425736
9.51783 -3.06747 0.0435244
9.53642 -3.00678 0.0444696
9.53643 -3.00675 0.0454167
9.55564 -2.94632 0.0463596
9.55565 -2.94629 0.0473035
9.57295 -2.88661 0.0482423
9.57296 -2.88658 0.0491829
9.58979 -2.82784 0.0501198
9.5898 -2.82781 0.0510576
9.6084 -2.76657 0.0519907
9.60841 -2.76654 0.0529255
9.62734 -2.70626 0.053857
9.62735 -2.70623 0.0547891
9.64363 -2.64421 0.0557132
9.64364 -2.64418 0.0566404
9.66025 -2.58455 0.057563
9.66026 -2.58452 0.0584863
9.67586 -2.52366 0.0594044
9.67586 -2.52363 0.0603245
9.69189 -2.46287 0.0612408
9.6919 -2.46284 0.0621579
9.7069 -2.40287 0.0630725
9.70691 -2.40284 0.0639878
9.72264 -2.34134 0.0648956
9.72265 -2.34131 0.0658062
9.73651 -2.28146 0.066709
9.73652 -2.28143 0.0676139
9.7497 -2.21899 0.0685113
9.74971 -2.21896 0.069411
9.76406 -2.15845 0.0703052
9.76407 -2.15842 0.0712007
9.77669 -2.09708 0.0720903
9.77669 -2.09705 0.0729818
9.79095 -2.03584 0.073867
9.79095 -2.03581 0.0747541
9.80367 -1.97458 0.0756388
9.80367 -1.97455 0.0765238
9.81435 -1.91181 0.0774052
9.81436 -1.91178 0.078288
9.82666 -1.85155 0.0791621
9.82667 -1.85152 0.0800393
9.8393 -1.78909 0.080908
9.8393 -1.78906 0.0817789
9.84966 -1.72715 0.0826421
9.84967 -1.72712 0.0835076
9.86064 -1.6643 0.0843673
9.86065 -1.66427 0.0852285
9.87091 -1.60206 0.0860857
9.87092 -1.60203 0.086944
9.88143 -1.54046 0.0877952
9.88143 -1.54043 0.0886489
9.89107 -1.47832 0.0894976
9.89108 -1.47829 0.0903473
9.90038 -1.41596 0.0911914
9.90038 -1.41593 0.0920375
9.9085 -1.35397 0.0928757
9.9085 -1.35394 0.0937165
9.91626 -1.29264 0.0945495
9.91627 -1.29261 0.0953847
9.92377 -1.22964 0.0962145
9.92378 -1.22961 0.0970457
9.93206 -1.16737 0.0978709
9.93207 -1.16734 0.0986981
9.93845 -1.10531 0.099521
9.93845 -1.10528 0.100345
9.94403 -1.04213 0.101162
9.94403 -1.0421 0.101981
9.95263 -0.978509 0.102795
9.95263 -0.978477 0.10361
9.95764 -0.917116 0.104418
9.95764 -0.917084 0.105228
9.96367 -0.854693 0.106031
9.96368 -0.854662 0.106836
9.96919 -0.793077 0.107634
9.96919 -0.793046 0.108434
9.97393 -0.729497 0.109223
9.97393 -0.729466 0.110016
9.97679 -0.667152 0.1108
9.97679 -0.667121 0.111587
9.9827 -0.603836 0.112366
9.9827 -0.603804 0.113147
9.98512 -0.541102 0.113923
9.98513 -0.541071 0.1147
9.98782 -0.477935 0.115471
9.98783 -0.477904 0.116244
9.99109 -0.41554 0.117011
9.99109 -0.415508 0.11778
9.99277 -0.353437 0.11854
9.99277 -0.353406 0.119303
9.9948 -0.290777 0.120059
9.9948 -0.290746 0.120816
9.99769 -0.226752 0.121566
9.9977 -0.226721 0.122317
9.99747 -0.163888 0.123064
9.99747 -0.163856 0.123812
9.99953 -0.101664 0.124237
9.99953 -0.101664 0.124237
