6.31593 -23.3079 -0.00125664 
6.31345 -23.1827 -0.00376991 
6.31128 -23.0575 -0.00628319 
6.30789 -22.9322 -0.0113097 
6.30512 -22.8081 -0.0150796 
6.30173 -22.6833 -0.0201062 
6.29789 -22.558 -0.0263894 
6.29437 -22.433 -0.0339292 
6.29073 -22.3074 -0.0427257 
6.28707 -22.1823 -0.0515221 
6.28346 -22.0565 -0.0615752 
6.2816 -21.9331 -0.0703717 
6.27979 -21.809 -0.0804248 
6.27818 -21.6842 -0.0917345 
6.27696 -21.5586 -0.104301 
6.27617 -21.4336 -0.116867 
6.27644 -21.3089 -0.13069 
6.27843 -21.1843 -0.144513 
6.28163 -21.0602 -0.159593 
6.28474 -20.9345 -0.177186 
6.28888 -20.8093 -0.194779 
6.29522 -20.6843 -0.212372 
6.30321 -20.5597 -0.231221 
6.31235 -20.4357 -0.250071 
6.32326 -20.3122 -0.270177 
6.33576 -20.1881 -0.29154 
6.35005 -20.0633 -0.314159 
6.36592 -19.9392 -0.336779 
6.3846 -19.8155 -0.359398 
6.40547 -19.6925 -0.383274 
6.42803 -19.5703 -0.40715 
6.45289 -19.4488 -0.432283 
6.48007 -19.327 -0.458673 
6.50919 -19.2061 -0.485062 
6.54087 -19.0862 -0.512708 
6.5752 -18.9661 -0.541611 
6.61237 -18.846 -0.57177 
6.65189 -18.727 -0.601929 
6.69488 -18.6105 -0.632088 
6.74086 -18.4942 -0.663504 
6.78981 -18.3795 -0.696177 
6.84123 -18.2663 -0.728849 
6.89593 -18.1536 -0.762779 
6.95376 -18.0428 -0.797965 
7.01423 -17.9339 -0.83315 
7.07785 -17.8271 -0.869593 
7.14508 -17.7214 -0.907292 
7.21507 -17.6179 -0.944991 
7.28839 -17.5183 -0.98269 
7.36429 -17.421 -1.02039 
7.44483 -17.3246 -1.0606 
7.52744 -17.2321 -1.10081 
7.61376 -17.1417 -1.14228 
7.702 -17.0552 -1.18375 
7.7939 -16.9712 -1.22648 
7.88931 -16.8913 -1.2692 
7.98712 -16.8146 -1.31193 
8.08753 -16.7419 -1.35591 
8.19012 -16.6745 -1.39989 
8.29641 -16.6093 -1.44639 
8.40437 -16.5492 -1.49163 
8.51443 -16.4938 -1.53812 
8.62753 -16.4423 -1.58588 
8.74234 -16.3953 -1.63363 
8.85882 -16.3533 -1.68264 
8.9767 -16.3158 -1.73165 
9.09589 -16.2837 -1.78191 
9.21653 -16.2576 -1.83218 
9.34009 -16.2358 -1.88496 
9.46312 -16.2196 -1.93773 
9.58683 -16.2099 -1.99051 
9.71064 -16.2062 -2.04455 
9.8344 -16.2079 -2.09858 
9.9577 -16.2156 -2.15388 
10.0805 -16.2288 -2.20917 
10.2022 -16.2482 -2.26572 
10.3238 -16.274 -2.32352 
10.4437 -16.3061 -2.38258 
10.5618 -16.344 -2.44165 
10.6776 -16.3882 -2.50196 
10.7909 -16.4381 -2.56228 
10.901 -16.4948 -2.6226 
11.0077 -16.5573 -2.68418 
11.1111 -16.6253 -2.74575 
11.2102 -16.6988 -2.80858 
11.3058 -16.7787 -2.87267 
11.3961 -16.8627 -2.93676 
11.482 -16.9528 -3.00211 
11.5622 -17.0477 -3.06871 
11.637 -17.147 -3.13531 
11.7055 -17.2506 -3.20317 
11.7668 -17.3574 -3.26977 
11.8219 -17.4687 -3.33763 
11.8699 -17.5832 -3.40674 
11.9107 -17.6991 -3.47586 
11.9442 -17.8186 -3.54623 
11.9701 -17.941 -3.61786 
11.9883 -18.0637 -3.68949 
11.9983 -18.1885 -3.76237 
11.9992 -18.3124 -3.83526 
11.9925 -18.4363 -3.90814 
11.9773 -18.5593 -3.98228 
11.9538 -18.6809 -4.05768 
11.9223 -18.8009 -4.13308 
11.8825 -18.9182 -4.20973 
11.8339 -19.0334 -4.28765 
11.7782 -19.143 -4.3643 
11.7142 -19.2491 -4.44221 
11.6439 -19.35 -4.52012 
11.5655 -19.4463 -4.59929 
16.3759 -8.02148 1.60473 
16.2845 -8.10569 1.5243 
16.1871 -8.18277 1.44262 
16.0849 -8.25115 1.36094 
15.9778 -8.31217 1.27926 
15.8652 -8.36511 1.19632 
15.7501 -8.4096 1.11338 
15.6319 -8.44502 1.02919 
15.5111 -8.47164 0.944991 
15.3874 -8.48852 0.85954 
15.2639 -8.49502 0.774088 
15.1412 -8.49251 0.688637 
15.018 -8.47975 0.601929 
14.8961 -8.45702 0.513965 
14.7762 -8.42476 0.426 
14.6605 -8.38282 0.338035 
14.5482 -8.33184 0.250071 
14.4404 -8.27176 0.16085 
14.3373 -8.20189 0.0703717 
14.2406 -8.12474 -0.0201062 
14.1501 -8.03853 -0.111841 
14.0683 -7.94679 -0.202319 
13.9942 -7.84722 -0.294053 
13.9289 -7.74159 -0.387044 
13.8725 -7.63054 -0.480035 
13.826 -7.51494 -0.574283 
13.7899 -7.39779 -0.667274 
13.7643 -7.27664 -0.761522 
13.7496 -7.15364 -0.857026 
13.7454 -7.02939 -0.952531 
13.7525 -6.90522 -1.04929 
13.7709 -6.78216 -1.14731 
13.8002 -6.662 -1.24407 
13.8411 -6.544 -1.34209 
13.8928 -6.43023 -1.44136 
13.9533 -6.32308 -1.53938 
14.0246 -6.22126 -1.63865 
14.1039 -6.12643 -1.73793 
14.193 -6.03896 -1.83846 
14.2901 -5.96031 -1.94025 
14.3947 -5.89193 -2.04204 
14.5055 -5.83391 -2.14508 
14.6205 -5.78628 -2.24812 
14.7409 -5.75027 -2.35242 
14.8632 -5.72666 -2.45673 
14.9877 -5.71474 -2.56103 
15.1129 -5.7152 -2.66658 
15.2374 -5.72884 -2.77214 
15.3595 -5.75375 -2.8777 
15.4787 -5.79081 -2.98451 
15.5942 -5.83957 -3.09133 
15.7031 -5.8993 -3.19814 
15.8057 -5.96861 -3.30496 
15.9012 -6.04924 -3.41303 
15.988 -6.13936 -3.52235 
16.0649 -6.23726 -3.63042 
16.1315 -6.34268 -3.73975 
16.1862 -6.45474 -3.84908 
16.2297 -6.57107 -3.95841 
16.261 -6.69147 -4.06899 
16.28 -6.81508 -4.17957 
16.2858 -6.93892 -4.29016 
16.279 -7.06339 -4.40074 
16.2593 -7.1854 -4.51133 
16.2258 -7.30569 -4.62317 
16.1797 -7.4219 -4.73627 
16.1225 -7.53266 -4.84936 
16.0531 -7.63625 -4.96246 
15.9741 -7.73222 -5.07556 
15.8837 -7.81946 -5.18991 
15.7853 -7.89576 -5.30427 
15.6799 -7.96166 -5.41862 
15.5678 -8.01512 -5.53297 
15.4499 -8.05664 -5.64733 
15.3279 -8.08509 -5.76294 
15.2033 -8.09992 -5.8798 
15.0779 -8.10012 -5.99667 
14.9524 -8.08661 0.169646 
14.8304 -8.06077 0.0540354 
14.711 -8.02046 -0.0628319 
14.5977 -7.96764 -0.179699 
14.4902 -7.9024 -0.296566 
14.3904 -7.82538 -0.41469 
14.3004 -7.73715 -0.532814 
14.2201 -7.64018 -0.650938 
14.1512 -7.53453 -0.770319 
14.0945 -7.42232 -0.888442 
14.051 -7.30539 -1.00657 
14.0215 -7.1829 -1.12595 
14.0061 -7.05756 -1.24658 
14.004 -6.93263 -1.36596 
14.0171 -6.80713 -1.4866 
14.0441 -6.68485 -1.60724 
14.0852 -6.56561 -1.72788 
14.139 -6.45262 -1.84851 
14.2058 -6.34571 -1.96915 
14.2847 -6.24702 -2.09104 
14.3727 -6.15803 -2.21168 
14.4718 -6.07977 -2.33358 
14.5786 -6.01385 -2.45547 
14.693 -5.96022 -2.57736 
14.8119 -5.92031 -2.69926 
14.935 -5.89453 -2.82241 
15.06 -5.88289 -2.9443 
15.1858 -5.88597 -3.06745 
15.3103 -5.90448 -3.1906 
15.431 -5.93577 -3.3125 
15.5476 -5.98112 -3.43565 
15.6586 -6.04135 -3.56005 
15.7616 -6.11249 -3.6832 
9.70213 4.69714 2.47558 
9.78523 4.60302 2.35117 
9.8569 4.50019 2.22802 
9.91588 4.39051 2.10487 
9.96204 4.2738 1.98172 
9.99412 4.15207 1.85731 
10.0109 4.02731 1.7329 
10.0138 3.90126 1.6085 
10.0021 3.7765 1.48409 
9.97499 3.65415 1.35968 
9.9333 3.53557 1.23402 
9.87826 3.42273 1.10961 
9.81091 3.31767 0.985203 
9.72992 3.22122 0.85954 
9.63967 3.13463 0.735133 
9.53815 3.05963 0.609469 
9.42989 2.99638 0.485062 
9.3157 2.94639 0.360655 
9.19494 2.91115 0.234991 
9.07159 2.89041 0.109327 
8.9456 2.88454 -0.0163363 
8.82049 2.8934 -0.142 
8.69695 2.91747 -0.26892 
8.57712 2.95578 -0.394584 
8.46303 3.0088 -0.520248 
8.3565 3.07444 -0.645911 
8.25763 3.15181 -0.771575 
8.16924 3.24097 -0.897239 
8.09226 3.33932 -1.0229 
8.02715 3.44589 -1.14731 
7.97514 3.55994 -1.27297 
7.93698 3.67868 -1.39864 
7.91319 3.80223 -1.5243 
7.90401 3.92711 -1.64996 
7.91055 4.05215 -1.77563 
7.93354 4.17633 -1.90255 
7.96964 4.29676 -2.02821 
8.0193 4.41164 -2.15388 
8.08295 4.51938 -2.27954 
8.1586 4.61977 -2.4052 
8.24502 4.71026 -2.53087 
8.34326 4.78868 -2.65653 
8.4489 4.85595 -2.78094 
8.56232 4.9102 -2.9066 
8.68045 4.95015 -3.03101 
8.80302 4.97565 -3.15667 
8.92784 4.98684 -3.28108 
9.0536 4.98287 -3.40674 
9.17787 4.96317 -3.53241 
9.299 4.93045 -3.65681 
9.41513 4.88295 -3.78122 
9.52448 4.82141 -3.90563 
9.6265 4.74891 -4.02878 
9.71951 4.66437 -4.15319 
9.8013 4.56895 -4.27759 
9.87248 4.46567 -4.40074 
9.93044 4.35443 -4.52389 
9.97524 4.23774 -4.64704 
10.0048 4.11531 -4.77145 
10.0214 3.99064 -4.8946 
10.0225 3.86489 -5.01775 
10.0103 3.74108 -5.13965 
9.9821 3.61894 -5.2628 
9.94039 3.50115 -5.38595 
9.88551 3.3886 -5.50784 
9.81856 3.28322 -5.62973 
9.7393 3.18676 -5.75163 
9.64938 3.09894 -5.87352 
9.55069 3.02257 -5.99416 
9.44323 2.95804 0.167133 
9.32873 2.90706 0.0452389 
9.20955 2.86932 -0.0766549 
9.08667 2.84635 -0.198549 
18.4211 -5.35201 -0.319186 
18.2962 -5.34722 -0.439823 
18.1727 -5.32743 -0.56046 
18.0518 -5.29525 -0.679841 
17.9356 -5.2489 -0.799221 
17.8255 -5.19026 -0.918602 
27.6861 2.44965 -1.03798 
27.5923 2.53159 -1.15736 
27.5078 2.62361 -1.27549 
27.4349 2.72617 -1.39487 
27.3739 2.83586 -1.51425 
27.3253 2.95135 -1.63363 
27.2888 3.07083 -1.7505 
27.2674 3.19472 -1.86862 
27.2595 3.31998 -1.98674 
27.2653 3.44455 -2.10361 
27.2857 3.56759 -2.22048 
27.3193 3.68818 -2.33609 
27.3653 3.80439 -2.4517 
27.4232 3.91495 -2.56731 
27.4936 4.01808 -2.68292 
27.5753 4.11242 -2.79853 
27.666 4.1987 -2.91288 
27.7659 4.27406 -3.02724 
27.8731 4.33854 -3.14159 
27.9869 4.39037 -3.25595 
28.106 4.43012 -3.36904 
28.2284 4.45738 -3.48214 
28.3532 4.47065 -3.59524 
28.4786 4.47101 -3.70834 
28.6026 4.45833 -3.82018 
28.7251 4.43197 -3.93327 
28.8443 4.39404 -4.04386 
28.9587 4.34318 -4.15444 
29.0674 4.28112 -4.26503 
29.1685 4.20745 -4.37561 
29.2609 4.12307 -4.48619 
29.3443 4.02987 -4.59678 
29.4175 3.92919 -4.70611 
29.4792 3.82113 -4.81543 
29.5311 3.70736 -4.9235 
29.5705 3.58866 -5.03157 
29.599 3.46751 -5.13839 
29.6122 3.34314 -5.24646 
29.6152 3.21805 -5.35202 
29.6064 3.0932 -5.45757 
29.5844 2.96997 -5.56313 
29.5496 2.84974 -5.66869 
29.5035 2.73332 -5.77425 
29.4453 2.62241 -5.8798 
29.3775 2.51696 -5.98285 
29.2989 2.42024 0.196035 
29.2117 2.33005 0.0929911 
29.1156 2.24931 -0.0100531 
29.0129 2.17825 -0.111841 
28.9035 2.11799 -0.213628 
28.7889 2.06797 -0.315416 
28.6706 2.02892 -0.415947 
28.5491 2.00194 -0.516478 
28.4248 1.98495 -0.615752 
28.2995 1.98035 -0.715026 
28.1747 1.98702 -0.813044 
28.0509 2.00465 -0.911062 
27.9293 2.03432 -1.00908 
27.8113 2.07575 -1.1071 
27.6978 2.12727 -1.20386 
27.589 2.18854 -1.30062 
27.4867 2.26003 -1.39738 
27.3913 2.33989 -1.49288 
27.3029 2.42777 -1.58839 
27.2233 2.52367 -1.68389 
19.8004 -7.49814 -1.77814 
19.7395 -7.38989 -1.87239 
19.6867 -7.27629 -1.96538 
19.6436 -7.15904 -2.05711 
19.6114 -7.03833 -2.14885 
19.5905 -6.91519 -2.24058 
19.5785 -6.79094 -2.33106 
19.5777 -6.66611 -2.42154 
19.5875 -6.54078 -2.51076 
31.1762 -11.4919 -2.59998 
31.2068 -11.3704 -2.68795 
31.2462 -11.2523 -2.77591 
31.2953 -11.137 -2.86262 
31.3546 -11.0275 -2.95058 
31.4213 -10.9224 -3.03729 
31.4967 -10.8221 -3.12274 
31.5793 -10.7281 -3.20694 
31.6695 -10.6414 -3.29113 
31.7666 -10.5625 -3.37533 
31.8692 -10.4913 -3.45827 
31.9766 -10.4287 -3.54246 
32.0894 -10.3742 -3.6254 
32.2056 -10.3283 -3.70708 
32.3247 -10.2908 -3.7875 
32.4463 -10.263 -3.86793 
32.5694 -10.244 -3.9471 
32.6939 -10.2335 -4.02627 
32.8189 -10.2328 -4.10543 
32.9435 -10.2409 -4.18334 
33.067 -10.2586 -4.26126 
33.1889 -10.2846 -4.33791 
33.3084 -10.3198 -4.41457 
33.4251 -10.3629 -4.48996 
33.5392 -10.4138 -4.56536 
33.6496 -10.472 -4.6395 
33.7553 -10.5382 -4.71365 
33.8565 -10.6109 -4.78653 
33.9521 -10.6908 -4.85942 
34.0424 -10.7765 -4.93104 
34.1276 -10.8681 -5.00267 
34.2068 -10.9646 -5.07304 
34.2801 -11.0657 -5.14216 
34.3462 -11.1716 -5.21127 
34.4059 -11.2812 -5.27913 
34.458 -11.3945 -5.34699 
34.5035 -11.5106 -5.41359 
34.5411 -11.6295 -5.48019 
34.572 -11.7503 -5.54554 
34.5948 -11.8728 -5.61088 
34.6121 -11.9968 -5.67497 
34.6226 -12.1215 -5.7378 
34.6246 -12.2456 -5.80189 
34.6205 -12.3708 -5.86347 
34.6087 -12.4954 -5.92504 
34.5905 -12.6192 -5.98536 
34.5661 -12.742 0.238761 
34.5342 -12.862 0.178442 
34.4965 -12.9814 0.120637 
34.452 -13.0985 0.0628319 
34.4018 -13.2121 0.00502655 
34.3463 -13.3232 -0.0515221 
34.2845 -13.431 -0.108071 
34.2178 -13.5359 -0.163363 
34.1458 -13.6381 -0.218655 
34.0689 -13.7358 -0.27269 
33.9879 -13.8313 -0.325469 
33.9021 -13.9224 -0.378248 
33.8123 -14.0098 -0.42977 
33.7189 -14.0935 -0.480035 
33.6214 -14.1711 -0.530301 
33.5207 -14.2461 -0.57931 
33.4177 -14.3162 -0.628319 
33.3115 -14.3798 -0.677327 
33.2018 -14.4416 -0.723823 
33.0907 -14.4984 -0.770319 
32.9773 -14.5512 -0.815557 
32.8617 -14.5988 -0.860796 
32.7447 -14.6412 -0.904779 
32.6259 -14.6784 -0.948761 
32.5058 -14.7116 -0.991487 
32.3838 -14.742 -1.03296 
32.2613 -14.7662 -1.07442 
32.139 -14.786 -1.11589 
32.0148 -14.8024 -1.15485 
31.8912 -14.8136 -1.19506 
31.7663 -14.8219 -1.23402 
31.6417 -14.8257 -1.27172 
31.5168 -14.826 -1.30816 
28.2679 -26.9373 -1.3446 
28.1429 -26.9297 -1.37979 
28.0192 -26.9186 -1.41497 
27.8955 -26.9044 -1.4489 
27.7723 -26.886 -1.48283 
27.6493 -26.8646 -1.5155 
27.5265 -26.8403 -1.54692 
27.4045 -26.8122 -1.57834 
27.2829 -26.7813 -1.6085 
27.1628 -26.7478 -1.63865 
27.0443 -26.7113 -1.66756 
26.9261 -26.6724 -1.6952 
26.8091 -26.6302 -1.72285 
26.6925 -26.5858 -1.74924 
26.5763 -26.5392 -1.77437 
26.4605 -26.4908 -1.79825 
26.3458 -26.4395 -1.82212 
26.2316 -26.3865 -1.84474 
26.1189 -26.3321 -1.86736 
37.9641 -29.9625 -1.88873 
37.8542 -29.9038 -1.91009 
37.7458 -29.844 -1.93145 
37.6378 -29.7826 -1.95156 
37.5301 -29.7199 -1.97041 
37.4225 -29.656 -1.988 
37.3163 -29.5914 -2.00559 
37.21 -29.5245 -2.02193 
37.1063 -29.4569 -2.03827 
37.0015 -29.3878 -2.05209 
36.8977 -29.3186 -2.06591 
36.7938 -29.2485 -2.07848 
49.3207 -28.9379 -2.09104 
49.2199 -28.8665 -2.10361 
49.1189 -28.7945 -2.11492 
49.0177 -28.722 -2.12497 
48.916 -28.6491 -2.13377 
48.8139 -28.5758 -2.14131 
48.7136 -28.5032 -2.14885 
48.6128 -28.429 -2.15513 
48.5124 -28.3555 -2.16142 
48.4113 -28.282 -2.16644 
48.3107 -28.2085 -2.17021 
48.2104 -28.1347 -2.17398 
48.1079 -28.0623 -2.1765 
48.0057 -27.9902 -2.17775 
47.9036 -27.9179 -2.17901 
47.8018 -27.8462 -2.17901 
47.6998 -27.7758 -2.17901 
47.5967 -27.7059 -2.17775 
47.4924 -27.6367 -2.17524 
47.388 -27.5684 -2.17147 
47.2833 -27.5017 -2.1677 
47.1784 -27.4354 -2.16393 
47.072 -27.3701 -2.1589 
46.9643 -27.3059 -2.15262 
46.8573 -27.2437 -2.14634 
46.7488 -27.1827 -2.1388 
46.6399 -27.1226 -2.13126 
46.5294 -27.0638 -2.12246 
46.4162 -27.0073 -2.11115 
46.3047 -26.9527 -2.1011 
46.1916 -26.8999 -2.08979 
46.0768 -26.849 -2.07722 
45.9616 -26.8001 -2.0634 
45.8458 -26.7541 -2.04958 
45.7283 -26.7104 -2.0345 
45.6101 -26.6685 -2.01942 
45.4927 -26.6295 -2.00434 
45.3737 -26.5931 -1.988 
45.2531 -26.5593 -1.97041 
45.1322 -26.5283 -1.95156 
45.0109 -26.5008 -1.93271 
44.8882 -26.4763 -1.9126 
44.764 -26.4552 -1.89124 
44.641 -26.4377 -1.86988 
44.5163 -26.4225 -1.84726 
44.3929 -26.411 -1.82464 
44.2685 -26.4032 -1.80076 
44.143 -26.3993 -1.77563 
44.0178 -26.3997 -1.7505 
43.8931 -26.4039 -1.72411 
43.769 -26.4124 -1.69772 
43.6456 -26.4248 -1.67007 
43.5218 -26.4416 -1.64117 
43.3986 -26.462 -1.61227 
43.2771 -26.4875 -1.58211 
43.1547 -26.5184 -1.55069 
43.0343 -26.5524 -1.51927 
42.9169 -26.5906 -1.48786 
42.8002 -26.6336 -1.45519 
42.6844 -26.6815 -1.42126 
42.57 -26.7345 -1.38607 
42.458 -26.7918 -1.34963 
42.349 -26.8541 -1.31319 
42.2429 -26.9207 -1.27549 
42.1406 -26.9908 -1.23904 
42.0416 -27.0649 -1.20135 
41.9462 -27.1447 -1.16239 
41.854 -27.2282 -1.12343 
41.765 -27.3164 -1.08322 
41.6803 -27.4083 -1.04175 
41.5995 -27.505 -0.999026 
41.5246 -27.6044 -0.956301 
41.454 -27.7069 -0.913575 
41.3885 -27.8124 -0.869593 
41.3288 -27.9211 -0.825611 
41.2744 -28.0312 -0.781628 
41.2261 -28.1438 -0.737646 
41.1832 -28.2596 -0.692407 
41.1461 -28.3785 -0.645911 
41.1151 -28.4988 -0.598159 
41.0913 -28.6193 -0.550407 
41.0738 -28.7419 -0.501398 
41.0637 -28.8651 -0.452389 
41.0603 -28.9898 -0.402124 
41.0638 -29.1142 -0.350602 
41.0749 -29.238 -0.29908 
41.0929 -29.3608 -0.246301 
41.118 -29.4821 -0.192265 
41.1505 -29.6027 -0.136973 
41.1894 -29.7189 -0.082938 
41.2355 -29.8335 -0.027646 
41.2889 -29.9448 0.027646 
41.3489 -30.0525 0.0841947 
41.416 -30.1571 0.142 
41.4892 -30.256 0.199805 
41.5693 -30.3508 0.258867 
41.6547 -30.4407 0.317929 
41.7465 -30.5239 0.378248 
41.8431 -30.6014 0.438566 
41.9444 -30.6723 0.500142 
42.0505 -30.7358 0.561717 
42.1605 -30.7919 0.624549 
42.275 -30.841 0.688637 
42.3917 -30.8809 0.752726 
42.512 -30.913 0.818071 
42.634 -30.9366 0.884672 
42.7563 -30.9511 0.950018 
42.8805 -30.9571 1.01662 
43.0046 -30.9542 1.08448 
43.1283 -30.9417 1.15234 
43.2505 -30.9201 1.22145 
43.3706 -30.8896 1.29182 
43.488 -30.8495 1.36219 
43.6019 -30.8001 1.43257 
43.7116 -30.7422 1.50419 
43.8176 -30.6756 1.57708 
43.9174 -30.6021 1.64996 
44.0108 -30.5205 1.72285 
44.0975 -30.4319 1.79699 
44.1765 -30.3362 1.87113 
44.2477 -30.2346 1.94653 
44.3103 -30.1277 2.02319 
44.3636 -30.0157 2.09984 
44.4081 -29.8986 2.17775 
44.4418 -29.7803 2.25441 
44.4657 -29.6596 2.33232 
44.4798 -29.5363 2.41149 
44.4835 -29.4123 2.49191 
44.4759 -29.2883 2.57234 
44.4578 -29.1641 2.65402 
44.4297 -29.0431 2.7357 
44.3907 -28.9263 2.81738 
44.3414 -28.812 2.90032 
44.282 -28.7038 2.98326 
44.2129 -28.6001 3.06745 
44.1342 -28.5031 -3.13154 
44.0482 -28.4142 -3.04734 
43.9535 -28.3329 -2.96064 
43.8521 -28.26 -2.87393 
43.7449 -28.198 -2.78722 
43.6323 -28.1461 -2.69926 
43.515 -28.1054 -2.61129 
43.3943 -28.0757 -2.52207 
43.2715 -28.0569 -2.43285 
43.1483 -28.0508 -2.34363 
43.0239 -28.0559 -2.25315 
42.9014 -28.0738 -2.16267 
42.78 -28.1032 -2.07094 
42.663 -28.1436 -1.9792 
42.5516 -28.1956 -1.88747 
42.4445 -28.2585 -1.79448 
42.3441 -28.3315 -1.70023 
42.2515 -28.4149 -1.60598 
42.1683 -28.506 -1.51173 
42.0947 -28.6056 -1.41749 
42.0314 -28.7121 -1.32198 
41.9781 -28.8253 -1.22522 
41.9381 -28.9417 -1.12972 
41.9092 -29.0627 -1.03296 
41.8939 -29.1854 -0.936195 
41.8906 -29.3103 -0.838177 
41.9003 -29.4349 -0.738903 
41.9233 -29.5557 -0.640885 
41.9586 -29.6749 -0.541611 
42.0068 -29.7888 -0.442336 
41.0031 -17.3097 -0.341805 
41.0736 -17.4114 -0.241274 
41.1544 -17.5052 -0.139487 
41.2453 -17.591 -0.0364425 
41.3457 -17.6677 0.0678584 
41.4527 -17.7313 0.170903 
41.566 -17.7829 0.275204 
41.685 -17.8216 0.379504 
41.8076 -17.847 0.485062 
29.4254 -17.4837 -5.69382 
29.55 -17.4814 -5.58827 
29.6738 -17.4653 -5.48145 
29.7954 -17.4349 -5.37464 
29.9118 -17.3915 -5.26782 
30.024 -17.3353 -5.15975 
30.1272 -17.2669 -5.05294 
30.221 -17.1869 -4.94612 
30.3065 -17.0965 -4.83805 
30.3814 -16.9968 -4.72873 
30.4444 -16.8884 -4.6194 
30.4941 -16.7746 -4.51007 
30.5315 -16.6548 -4.39949 
30.5549 -16.5314 -4.28765 
30.5633 -16.4053 -4.1758 
30.557 -16.2803 -4.06396 
30.5351 -16.1574 -3.95212 
30.4993 -16.0365 -3.83903 
30.4499 -15.9216 -3.72593 
30.3866 -15.813 -3.61283 
30.3115 -15.7135 -3.49973 
30.2246 -15.6245 -3.38664 
30.1273 -15.5451 -3.27228 
30.0221 -15.4784 -3.15793 
29.9095 -15.4259 -3.04357 
29.7916 -15.3866 -2.92922 
29.6699 -15.3628 -2.81487 
29.5451 -15.3528 -2.69926 
29.421 -15.358 -2.58365 
29.2977 -15.3786 -2.46804 
29.1764 -15.4134 -2.35117 
29.0612 -15.4625 -2.2343 
28.9524 -15.526 -2.11743 
28.8518 -15.6023 -1.99931 
28.7621 -15.6904 -1.88244 
28.6845 -15.7882 -1.76558 
28.6181 -15.8953 -1.64745 
28.5664 -16.01 -1.52933 
28.5296 -16.1294 -1.4112 
28.5067 -16.2535 -1.29182 
28.5006 -16.3793 -1.17244 
28.5095 -16.505 -1.05306 
28.535 -16.627 -0.934938 
28.5754 -16.7453 -0.815557 
28.6298 -16.8591 -0.69492 
28.6986 -16.9633 -0.57554 
28.7799 -17.0597 -0.454903 
28.8721 -17.1444 -0.334265 
28.975 -17.2171 -0.213628 
29.0866 -17.2765 -0.0917345 
29.2039 -17.3208 0.0301593 
29.3269 -17.3498 0.152053 
29.4517 -17.3627 0.273947 
29.5771 -17.3603 0.395841 
29.701 -17.3408 0.517734 
29.823 -17.3065 0.640885 
29.9374 -17.2565 0.764035 
30.0452 -17.1915 0.887186 
30.1442 -17.1138 1.01034 
30.2317 -17.0232 1.13349 
30.3061 -16.9227 1.25664 
30.3677 -16.8138 1.37979 
30.4149 -16.697 1.50294 
30.4464 -16.5758 1.62609 
30.4622 -16.4512 1.7505 
30.4611 -16.3259 1.87365 
30.4442 -16.2014 1.99805 
30.4118 -16.0799 2.12246 
36.337 -4.8323 2.24812 
36.2736 -4.72449 2.37253 
36.196 -4.62509 2.49694 
36.1066 -4.53734 2.62134 
36.0069 -4.46137 2.74575 
35.898 -4.39861 2.87142 
35.7817 -4.3512 2.99582 
35.66 -4.31899 3.12149 
35.5351 -4.30354 -3.03729 
35.4101 -4.30473 -2.91288 
35.2858 -4.32199 -2.78722 
35.1651 -4.35587 -2.66281 
35.0505 -4.40514 -2.53841 
34.9418 -4.46836 -2.41274 
34.843 -4.54509 -2.28708 
34.7544 -4.63484 -2.16142 
34.679 -4.73507 -2.03575 
34.6167 -4.84396 -1.91009 
34.5701 -4.9608 -1.78442 
34.5397 -5.08218 -1.65876 
41.6213 5.09889 -1.53435 
41.6225 4.9727 -1.40869 
41.6405 4.84845 -1.28303 
41.6748 4.72836 -1.15736 
41.7249 4.61278 -1.0317 
41.7898 4.50549 -0.906035 
41.8675 4.40717 -0.780372 
41.9585 4.32028 -0.654708 
42.0599 4.24673 -0.529044 
42.1696 4.18646 -0.40338 
42.2873 4.14058 -0.277717 
42.4095 4.11103 -0.152053 
42.5345 4.09704 -0.0263894 
42.6596 4.09992 0.0992743 
42.7844 4.1192 0.224938 
42.9049 4.1549 0.350602 
43.019 4.20622 0.476265 
43.1252 4.27256 0.600673 
43.2213 4.3521 0.72508 
43.3079 4.44321 0.850743 
43.3815 4.54529 0.97515 
43.4406 4.6558 1.09956 
43.4843 4.77272 1.22396 
43.5141 4.89497 1.34963 
43.5259 5.01988 1.47404 
43.5221 5.1453 1.59844 
43.5017 5.26861 1.72285 
43.4649 5.38824 1.846 
43.4131 5.50276 1.97041 
43.3468 5.60897 2.09481 
43.2677 5.70611 2.21922 
43.1763 5.79195 2.34237 
43.0746 5.86469 2.46552 
42.9648 5.92439 2.58867 
42.8485 5.96888 2.71182 
42.7263 5.99863 2.83497 
42.6016 6.0119 2.95812 
42.4763 6.00977 3.08127 
42.3527 5.98987 -3.08002 
42.2324 5.9551 -2.95812 
42.118 5.90499 -2.83623 
42.0094 5.84162 -2.71308 
41.9104 5.76465 -2.58993 
41.8223 5.67503 -2.46804 
41.7457 5.57537 -2.34614 
41.683 5.46682 -2.22425 
41.6352 5.35129 -2.10235 
41.6019 5.23082 -1.98046 
41.5846 5.10668 -1.85982 
41.5836 4.98166 -1.73919 
41.5976 4.85742 -1.61855 
41.6288 4.73629 -1.49917 
41.6743 4.61975 -1.37979 
41.7343 4.51029 -1.26041 
41.8068 4.40874 -1.14103 
41.8929 4.31811 -1.0229 
41.989 4.23825 -0.904779 
42.094 4.16903 -0.785398 
42.2065 4.11524 -0.667274 
42.3246 4.07509 -0.54915 
42.4472 4.0493 -0.42977 
42.5718 4.04045 -0.312903 
42.6963 4.04742 -0.196035 
42.8192 4.06886 -0.0791681 
42.9381 4.10562 0.0376991 
43.052 4.15725 0.15331 
43.1591 4.22167 0.26892 
43.258 4.29801 0.384531 
43.3466 4.38604 0.500142 
43.4232 4.48434 0.615752 
43.4873 4.59185 0.730106 
31.3153 2.03537 -5.43873 
31.3521 2.15487 -5.32437 
31.3751 2.27778 -5.21002 
31.3838 2.40252 -5.09566 
31.3759 2.52773 -4.98257 
31.3539 2.65125 -4.86947 
31.3169 2.77103 -4.75637 
31.266 2.88482 -4.64453 
31.2032 2.99334 -4.53143 
31.126 3.09186 -4.42085 
31.0396 3.18161 -4.30901 
42.4626 8.14271 2.08476 
42.3567 8.20949 2.19534 
42.2433 8.2622 2.30342 
42.1255 8.30443 2.414 
42.0027 8.33124 2.52333 
41.8781 8.34209 2.6314 
41.7531 8.3407 2.73947 
41.6291 8.32459 2.84754 
41.5075 8.29518 2.95561 
41.3912 8.25084 3.06242 
41.2803 8.19436 -3.11395 
41.176 8.12637 -3.00713 
41.0806 8.04542 -2.90157 
40.9942 7.95486 -2.79602 
40.919 7.85549 -2.69172 
40.8544 7.74821 -2.58616 
40.8027 7.63477 -2.48186 
40.7643 7.51609 -2.37756 
40.7393 7.39315 -2.27451 
40.7283 7.26873 -2.17273 
40.7299 7.14382 -2.07094 
40.7455 7.01976 -1.96915 
40.7736 6.89793 -1.86736 
40.8149 6.78045 -1.76683 
40.8689 6.66812 -1.6663 
40.9352 6.56165 -1.56703 
41.0118 6.46228 -1.46775 
41.0982 6.37212 -1.36973 
41.1941 6.29171 -1.27172 
41.2976 6.22228 -1.17496 
41.4072 6.16193 -1.07694 
41.5229 6.11493 -0.980177 
41.6425 6.07932 -0.883416 
41.766 6.05623 -0.787911 
41.8903 6.04414 -0.69115 
42.0157 6.04749 -0.596903 
42.1395 6.06159 -0.501398 
42.262 6.08853 -0.40715 
42.3807 6.12788 -0.314159 
42.4941 6.18024 -0.222425 
42.6023 6.24277 -0.13069 
42.7042 6.31494 -0.0389557 
42.7991 6.39615 0.0527788 
42.8844 6.48732 0.143257 
42.9611 6.58583 0.233734 
43.0285 6.69086 0.324212 
43.0846 6.80298 0.412177 
43.1301 6.9192 0.501398 
43.1651 7.039 0.590619 
43.1873 7.16239 0.677327 
43.1995 7.28626 0.765292 
43.1999 7.41163 0.852 
43.1882 7.53615 0.937451 
43.1646 7.6581 1.0229 
43.1297 7.77824 1.1071 
43.0847 7.89502 1.19129 
43.0291 8.00682 1.27423 
42.9632 8.11334 1.35717 
42.8878 8.2131 1.43885 
42.8046 8.30638 1.52053 
42.714 8.39256 1.60221 
42.6162 8.46996 1.68264 
47.7474 4.55895 -4.52012 
47.638 4.61849 -4.44096 
47.5231 4.66707 -4.36304 
47.4047 4.70655 -4.28513 
47.2836 4.7367 -4.20722 
47.1605 4.75608 -4.13057 
47.0364 4.76473 -4.05517 
46.9115 4.76284 -3.97977 
46.7875 4.75275 -3.90437 
46.6646 4.73091 -3.83023 
46.543 4.69908 -3.75734 
46.4252 4.65835 -3.68446 
46.3107 4.60916 -3.61157 
46.2008 4.55072 -3.53995 
46.0953 4.48455 -3.46832 
45.9959 4.40884 -3.39795 
45.9021 4.32633 -3.32757 
45.8153 4.23663 -3.25846 
45.7359 4.1404 -3.1906 
45.6632 4.03901 -3.12274 
45.5987 3.93232 -3.05614 
45.5425 3.82106 -2.9908 
45.4937 3.70637 -2.92545 
45.4525 3.58873 -2.86011 
45.4212 3.4675 -2.79602 
45.399 3.3443 -2.73319 
45.3845 3.21994 -2.67035 
45.3779 3.09493 -2.60752 
45.3804 2.96977 -2.54595 
45.3919 2.8451 -2.48563 
45.4108 2.72135 -2.42531 
45.4384 2.59921 -2.36625 
45.4723 2.47982 -2.30593 
45.5154 2.36223 -2.24812 
45.5655 2.24858 -2.19032 
45.622 2.13802 -2.13251 
45.6859 2.03149 -2.07596 
45.7581 1.92943 -2.02067 
45.8345 1.83142 -1.96538 
45.9172 1.73855 -1.91134 
46.0058 1.65111 -1.85857 
46.0997 1.56932 -1.80704 
46.1978 1.49249 -1.75552 
46.3016 1.42218 -1.70526 
46.4077 1.3567 -1.65499 
46.5177 1.29767 -1.60598 
46.631 1.24516 -1.55823 
46.7468 1.19812 -1.51048 
46.865 1.15841 -1.46273 
46.9855 1.12554 -1.41623 
47.1064 1.09751 -1.36973 
47.2288 1.07632 -1.3245 
47.3533 1.06277 -1.28051 
47.4783 1.05471 -1.23653 
47.6029 1.05243 -1.19381 
47.7266 1.05626 -1.15108 
47.8518 1.06689 -1.10961 
47.9754 1.0834 -1.06814 
48.0976 1.10519 -1.02793 
48.2188 1.13313 -0.988973 
48.3387 1.16701 -0.951274 
48.4572 1.20539 -0.913575 
48.5741 1.24945 -0.877133 
48.6893 1.29773 -0.84069 
48.8023 1.3514 -0.805504 
48.9122 1.40937 -0.770319 
49.0196 1.47236 -0.736389 
49.1249 1.53897 -0.70246 
49.2271 1.60903 -0.669788 
49.3268 1.68481 -0.638372 
49.4234 1.76482 -0.608212 
49.5164 1.84781 -0.578053 
49.6068 1.93357 -0.547894 
49.694 2.02185 -0.518991 
49.7779 2.11369 -0.491345 
49.8586 2.20887 -0.464956 
49.9368 2.30614 -0.438566 
50.0116 2.40646 -0.413434 
50.0832 2.50964 -0.389557 
50.1518 2.61333 -0.364425 
50.2169 2.71968 -0.340549 
50.2789 2.82726 -0.317929 
50.3377 2.93714 -0.296566 
50.3932 3.04916 -0.27646 
50.4464 3.16227 -0.256354 
50.4961 3.27609 -0.236248 
50.543 3.39296 -0.218655 
50.5865 3.51025 -0.201062 
50.627 3.6291 -0.184726 
50.6661 3.74742 -0.168389 
50.7022 3.86715 -0.15331 
50.7353 3.98694 -0.13823 
50.7656 4.10799 -0.124407 
50.7942 4.22944 -0.110584 
50.8192 4.35274 -0.0992743 
50.8427 4.47631 -0.0879646 
50.8642 4.59846 -0.0766549 
50.8833 4.72155 -0.0666018 
50.9002 4.84551 -0.0578053 
50.9154 4.96916 -0.0502655 
50.9286 5.09235 -0.0427257 
50.9409 5.21688 -0.0364425 
50.9514 5.34089 -0.0301593 
50.9599 5.46562 -0.0251327 
50.9668 5.59102 -0.0213628 
50.9727 5.71474 -0.0175929 
50.9771 5.83911 -0.0150796 
50.9812 5.96475 -0.013823 
50.984 6.08977 -0.0125664 
50.984 6.08977 -0.0125664 
50.984 6.08977 -0.0125664 
