0.0 0.0 0.0
-0.023376598214431558 0.02337659821443156 0.07790222373477272
-0.048501546439515764 0.04486305126850187 0.15580444746954547
-0.07544124100115235 0.0644884206268636 0.23185185635349032
-0.10351679311889016 0.08183897771069618 0.30836296895014215
-0.13312601363233295 0.0971424520257892 0.38441037783408694
-0.1641124489093154 0.1102794010703208 0.4599940830053248
-0.19595002703158004 0.12102132907721401 0.5341866770384417
-0.2288120100534645 0.12945479165683016 0.6079155673588517
-0.26220594214674864 0.1354446596488259 0.6816444576792615
9.97944 0.625929 0.6816444576792615
9.945371335621433 0.6294764886954508 0.7549096442869645
9.911841310254571 0.6304990863860859 0.8277111271819605
9.878000030329726 0.6290663063552577 0.9000489063642495
9.844026965533136 0.6251541125359372 0.9719229818338315
9.810102229244725 0.6187518867780083 1.0433333535907066
9.776720751659118 0.609945458381926 1.1147437253475816
9.744104999527819 0.5987975961157525 1.1847629859663356
9.712349094726697 0.5853951847484655 1.2547822465850895
9.681657967613619 0.5698289121520369 1.3234103960657226
9.651546673250971 0.5518605744263445 1.3911111381209418
9.92111 1.25321 1.3911111381209418
9.892283225945626 1.233245824423819 1.458811880176161
9.864873046104059 1.21137727966493 1.52651262223138
9.83904582757455 1.1877418819611614 1.5928222531484784
9.814841475181634 1.1624470886861444 1.6591318840655767
9.792401865897311 1.1356464670134976 1.7240504038445539
9.771555545046 1.1071835869431617 1.7885052199108242
9.752410535582026 1.0771622441388375 1.8524963322643875
9.735224499116955 1.0459780724844288 1.916487444617951
9.720067786095148 1.0137587233053251 1.9804785569715142
9.707022725627947 0.980687512550491 2.0430785581869566
9.82157 1.87303 2.0430785581869566
9.810619397376133 1.8392074796096183 2.1056785594023992
9.801819856346867 1.8048197064073528 2.1668874494797206
9.795078974702319 1.7696378985858516 2.2276326358443352
9.790486337476313 1.7341117565177189 2.2883778222089495
9.788062632453356 1.6984274869387874 2.347731897435443
9.787757200252534 1.6623363127162922 2.4066222689492296
9.789592923447401 1.6259641599306394 2.4650489367503092
9.793549409077144 1.589761265027432 2.523475604551389
9.799549673400023 1.554227120914179 2.5809748649270543
9.80765474166543 1.5187787411521143 2.638010421590013
9.68639 2.48728 2.638010421590013
9.6964872364442 2.4524043914822524 2.6936548671148506
9.708508477450875 2.418144327005478 2.749299312639688
9.722541381189625 2.384304741593451 2.804480054451819
9.738395310784565 2.3513404365305326 2.8582696851258285
9.755998593503142 2.319276174034534 2.912059315799838
9.775271137751426 2.2882516642675244 2.9644578353357267
9.796328405264777 2.258011611846199 3.0163926511589088
9.818927086709708 2.2289054461330053 3.068327466982091
9.842757104389547 2.2013002615803487 3.1193348753798587
9.86796358727426 2.174945960652601 3.1703422837776265
9.50718 3.08928 3.1703422837776265
9.534171450426342 3.063797570008961 3.2204222847499806
9.56211469925556 3.039945783182132 3.2695748782969205
9.591454143542464 3.017296534652214 3.3182637681311533
9.621548368639544 2.9963200841244277 3.3660252505399724
9.652885783265361 2.9766309291707036 3.4133230292360843
9.6851190583934 2.9584454307518473 3.4606208079321963
9.71817609905443 2.941804263696705 3.5079185866283082
9.751932468195557 2.9267671442472474 3.5538252541862994
9.785988310015956 2.9134339608933244 3.5988045143188767
9.821226389569803 2.901435407589759 3.64285636702604
9.29704 3.68207 3.64285636702604
9.332459370384232 3.671726268867549 3.68737192344591
9.368250253404012 3.662982097633745 3.730496368727659
9.404704540623573 3.6557253973991455 3.7731571102967014
9.44143514290689 3.6500299947895023 3.8158178518657437
9.478320280776302 3.645912386889986 3.857087482296665
9.515343895967751 3.6433200889489203 3.8983571127275867
9.552387678674078 3.6422590982495233 3.938235632020387
9.589444309512977 3.642675810773065 3.978114151313187
9.627105976899976 3.6446028799384056 4.017065263180573
9.664284315926961 3.6479607845000044 4.055088967622545
9.04911 4.25723 4.055088967622545
9.086133816798508 4.261998794975755 4.0931126720645175
9.122895066318389 4.2681624448552915 4.129745265368369
9.159405912791337 4.275668318284092 4.16637785867222
9.195563659121508 4.284493235801722 4.201619340837951
9.231388015699153 4.294586662606709 4.236860823003681
9.26678184416125 4.3059192064938685 4.270711194031291
9.30207877324397 4.318552977037891 4.304097861346194
9.336882911919623 4.332337577753805 4.336093417522975
9.371228266625389 4.347228511102202 4.368088973699757
9.405029688581585 4.363186931986843 4.398693418738417
8.7638 4.81569 4.398693418738417
8.797097271067233 4.832675260164843 4.4292978637770775
8.829859206388216 4.85067145191243 4.459902308815738
8.862007505100186 4.869633634365367 4.4891156427162775
8.893588217026076 4.889526751459136 4.518328976616817
8.924528496440209 4.910303008239598 4.546151199379236
8.955144302919189 4.9321211246421175 4.573509718428948
8.984847495035226 4.954538896370127 4.599940830053246
9.014202767984505 4.977937017920755 4.625908237964837
9.042898302337532 5.002053877066399 4.6504845347383075
9.070992527731713 5.0268686123331205 4.675060831511778
8.44335 5.357 4.675060831511778
8.470785425598768 5.382460018979219 4.6982460171471265
8.49738949442359 5.408322012731669 4.721894906495183
8.52360287609175 5.435038557525618 4.745080092130531
8.549152047276415 5.46231528140982 4.766874166627759
8.573846213675266 5.48985842724662 4.787740833699574
8.598172809520506 5.518158026732312 4.808143797058681
8.62212439636168 5.547199522426583 4.828083056705081
8.645255522660843 5.576413876561317 4.847094908926067
8.66802454247782 5.606322062281409 4.8656430574343466
8.69000965569854 5.636339811955198 4.883263798517212
8.08841 5.87817 4.883263798517212
8.109862792600685 5.908570463622092 4.900884539600077
8.130745529957524 5.939298478514686 4.9171141695448215
8.151096506924917 5.970315128683494 4.931952688351445
8.17098501922008 6.0016303315394035 4.946791207158069
8.19037774496092 6.033190090482541 4.960238614826571
8.209511246158284 6.065287777347924 4.9732223187823665
8.227872184520939 6.097019023669652 4.985742319025455
8.245994137299828 6.129261828777059 4.997798615555837
8.263543269223243 6.161386175186505 5.008927504660805
8.280886900838071 6.193991629732473 5.019592690053065
7.70525 6.37404 5.019592690053065
6.221976870099378 3.512335618039286 9.666367595089715
6.253533270600709 3.493256034876006 9.675641669343856
6.285217685254598 3.474498088043008 9.683524632459875
6.316719380301337 3.4561821281655036 9.69048018815048
6.348347709980717 3.4380857213745264 9.697435743841083
6.380385205715261 3.4200498272743753 9.703927595818982
6.41220566891219 3.4024071698250395 9.709492040371465
6.444075312915818 3.384968385279302 9.713665373785828
6.47601745703864 3.367662754860633 9.71783870720019
6.508318809950597 3.350336492663744 9.721548336901845
7.28988 6.84454 9.721548336901845
7.3219087558420215 6.827512654273457 9.724330559178087
7.353647616200822 6.810752519599991 9.726185374028915
7.385706049982713 6.793899599165274 9.727576485167036
7.4177389274157495 6.7771169480024245 9.727576485167036
7.449771804848786 6.7603342968395745 9.727576485167036
7.4814669608539575 6.743728584539802 9.726649077741623
7.5131467029701895 6.7270934850623725 9.72572167031621
7.544762082014777 6.710454759635391 9.723403151752676
7.5766269168803495 6.69359029168719 9.720620929476434
7.608108225218834 6.676816517676061 9.716911299774779
6.84539 7.2888 9.716911299774779
6.877095989349497 7.271755204017623 9.712737966360416
6.908109035044752 7.254915718237927 9.708100929233346
6.939329413208852 7.23777572808621 9.703000188393569
6.970413634616409 7.220503566294851 9.69650833641567
7.0013850734872465 7.203029975715612 9.690016484437772
7.032194452910047 7.1853831696614625 9.682133521321752
7.062252851115062 7.167850386968333 9.673786854493027
7.092444064369297 7.14990074218557 9.664976483951595
7.122428696231749 7.13171447109008 9.654775002272041
7.152226244160542 7.113223263944071 9.644573520592488
6.37406 7.70422 9.644573520592488
6.403620689059286 7.685455408934906 9.632980927774813
6.432915539111375 7.6663795682021965 9.619997223819018
6.461689412858972 7.6471064023185935 9.60747722357593
6.4904882843111755 7.6272897188848425 9.594493519620135
6.5189823093980355 7.6071327272978815 9.58011870452622
6.54661219654636 7.586984939615259 9.565280185719596
6.574200601902187 7.566233445834292 9.549977963200265
6.60116709552648 7.54529605390479 9.53374833325552
6.628044451606253 7.5237197141211585 9.517054999598068
6.6545153714411605 7.501733051618867 9.498970554802495
5.87722 8.0904 9.498970554802495
5.9032889964221305 8.067938246941997 9.480886110006923
5.92890632189773 8.045045586775682 9.461410554073229
5.953793682063881 8.021917928466394 9.441007590714122
5.978438236668166 7.998060610427551 9.420140923642307
6.00231129737661 7.973965116154458 9.39834684914508
6.025653591249865 7.94935509403768 9.376552774647852
6.048416870165923 7.924283163232381 9.353367589012503
6.070592785831832 7.898690247304446 9.330182403377155
6.091926492675612 7.872883957540564 9.30606981031639
6.112597615032122 7.846614254137527 9.280566106117506
5.35855 8.4417 9.280566106117506
5.3785444979518235 8.41491170651169 9.255062401918622
5.397629180302578 8.387933503175587 9.228631290294324
5.415782331962264 8.360777319606203 9.201272771244613
5.4333595095419565 8.33285885565995 9.173450548482194
5.450125089443305 8.304509808251085 9.144237214581654
5.465897791726074 8.27596846132506 9.115487584393822
5.480818198233057 8.247034647123384 9.08534684306787
5.494859873352702 8.217664330570354 9.055206101741916
5.507856051169297 8.1882329663619 9.024137952990548
5.519910976617776 8.158463344425998 8.99167869310106
4.81743 8.764 8.99167869310106
4.828512445228568 8.733854834126667 8.95921943321157
4.838490859526884 8.703727812205463 8.925832765896669
4.847458059019334 8.673284495451005 8.892446098581766
4.855308590374431 8.642927936531802 8.85813202384145
4.8621837893940345 8.612001703512252 8.823354245388426
4.867969388729889 8.58090946570646 8.787185355797282
4.872570729462358 8.550005457944593 8.750089058780723
4.876022743194399 8.518952058235776 8.712992761764164
4.8782926393149895 8.488172227973628 8.674969057322192
4.87940241255191 8.45700258144727 8.636481649167512
4.25778 9.04961 8.636481649167512
4.2576907135941395 9.018801997930044 8.59706683358742
4.256403646840872 8.988402365507685 8.556724610581911
4.2538915711722725 8.958079376405733 8.516382387576403
4.250158574424367 8.927882374443254 8.476040164570895
4.245219721085264 8.897915046033772 8.434306830427266
4.23904615236662 8.868233990490419 8.391182385145516
4.231598740946868 8.838846679078241 8.348057939863766
4.222891334763144 8.809807755433535 8.304933494582016
4.213172275725273 8.781839275275392 8.26134534558756
4.202123421659137 8.754017896836967 8.217293492880398
3.68436 9.29769 8.217293492880398
3.6722528686176372 9.270729980789607 8.172314232747821
3.6589457494750355 9.244341615052807 8.127334972615245
3.644492646841259 9.21862647402446 8.080964601344547
3.628863086679296 9.193608930120352 8.03459423007385
3.612307451741301 9.169656404596934 7.987296451377738
3.594671400997391 9.146557359230304 7.938607561543504
3.5761422232957454 9.12459319067333 7.890382375421979
3.5568353774808705 9.103827012469933 7.841229781875039
3.536298124447838 9.083806968129258 7.791613484615392
3.514834684101087 9.064866704419545 7.740606076217624
3.0897 9.51093 7.740606076217624
3.067852265999491 9.493549000459087 7.689134964107149
3.0448740365322267 9.47712549693913 7.637200148283967
3.0213954923940385 9.46212226978202 7.5843379250353715
2.997157010393129 9.448380550447514 7.531475701786776
2.9725674497555503 9.43610897937726 7.477686071112766
2.947353688313461 9.42517718250653 7.423896440438756
2.921640490384427 9.415636013660544 7.368715698626625
2.8961158392403417 9.407736615619664 7.313071253101787
2.869875075632975 9.401190109189015 7.256963103864242
2.843683006306712 9.396196851508943 7.199927547201284
2.48664 9.68512 7.199927547201284
2.460205882395033 9.68162793122947 7.142891990538326
2.433995897853853 9.679676713364186 7.084929026449953
2.407772170909117 9.679248033791733 7.02557495122346
2.381894873598924 9.680361664758491 6.966684579709673
2.35618297645971 9.682990784584579 6.9064030970577655
2.330676173127995 9.687164141669069 6.846121614405858
2.3061569419820915 9.692710534296332 6.785376428041244
2.2820727253134714 9.699719758274785 6.7232401305385086
2.258163498803796 9.708321348092767 6.660640129323066
2.2354884214475867 9.718121249289476 6.597576424394917
1.8748 9.82424 6.597576424394917
4.757358503888627 8.356344818115284 11.171086142823867
4.771475606247336 8.376548194851702 11.106631326757597
4.7866611606413985 8.395545703736362 11.042640214404035
4.80277386392235 8.41325127164051 10.977721694625057
4.820001238398536 8.429874265067857 10.91280317484608
4.838228516866317 8.445308926906812 10.84649354392898
4.857438454512485 8.459501909752401 10.780183913011882
4.877225630907436 8.47218508498752 10.71294687466937
4.8974861498531235 8.483326458302068 10.644782428901443
4.918458475428061 8.493061980232687 10.576617983133517
1.25372 9.9226 10.576617983133517
1.2752551112139776 9.930864645183684 10.507062426227469
1.2970008181755133 9.937517263151594 10.437970573034129
1.3187825024271462 9.942566651658687 10.367951312415375
1.3411860124085955 9.946130994603594 10.297468348083914
1.3630803603046928 9.948047070185536 10.226521680039745
1.3853813928132994 9.948411625425956 10.155111308282871
1.406945424070923 9.947223004419424 10.083237232813289
1.4279902256431116 9.944537159010949 10.010435749918294
1.449103422264987 9.940263008646864 9.937170563310591
1.46947996734749 9.934557645071283 9.862977969277475
0.629334 9.98003 9.862977969277475
0.6492315815501319 9.97282992975835 9.788785375244359
0.6681928102924053 9.964330716620633 9.713665373785828
0.6864140963688704 9.95445877936496 9.637154261189176
0.703553587520452 9.943399690567121 9.561106852305231
0.7198033372732847 9.93107040693246 9.485059443421287
0.7347840679681552 9.917795060659532 9.408084627111927
0.7484345233307721 9.903681081266587 9.330182403377155
0.7609451803844576 9.888547581803596 9.252280179642382
0.7720208335235443 9.872798225791522 9.173450548482196
0.7816559231132004 9.856506179040197 9.095084621034715
0.000182735 9.99918 9.095084621034715
0.008488489181299142 9.982233305858617 9.015327582449114
0.015277671392664068 9.965033381045403 8.9346431364381
0.020658505697186805 9.947342224190448 8.853958690427085
0.024514796893388778 9.929647463186829 8.772346836990657
0.026915753109823595 9.911697227589157 8.69073498355423
0.02786212515851266 9.893285456556908 8.608659426405094
0.027317574584331882 9.875564991558177 8.52612016554325
0.02535699369148282 9.858328572839547 8.442653497255995
0.021966241639674006 9.841315612832409 8.359186828968738
0.01727436250466798 9.8250109632902 8.274792753256069
-0.627182 9.98083 8.274792753256069
-0.6330956181743326 9.96533508174663 8.189471270117984
-0.6404739763146942 9.950057151334944 8.105077194405313
-0.6487537521073167 9.936064220530232 8.020219414979936
-0.6581576357552765 9.9228684213785 7.933970524416437
-0.6684519276728723 9.910779927019567 7.848185337565646
-0.6797047895337075 9.899656764679959 7.7610090395767335
-0.6916324595591918 9.889763691434952 7.674296445300528
-0.7043266462418297 9.880972247368025 7.586192739886202
-0.7177451541103866 9.873331860539006 7.498089034471875
-0.731140883653191 9.867196311968328 7.409521625344842
-1.2538 9.92025 7.409521625344842
-1.2676859240657146 9.915323374472491 7.320954216217809
-1.2819531900666603 9.911644292099759 7.232386807090776
-1.2957921762391555 9.909356925451327 7.143355694251036
-1.309724599889466 9.908313221351776 7.0529334702731745
-1.3236943508400187 9.908531865809005 6.962511246295313
-1.3368840158378803 9.909936193713726 6.871625318604745
-1.3498917853435215 9.9125318308432 6.780739390914177
-1.3622447066424714 9.916189115621627 6.688926055798195
-1.3745130520137003 9.921084376047416 6.596649016969506
-1.3856481842028927 9.926767768598944 6.50390827442811
-1.87507 9.82261 6.50390827442811
-1.8856309539143237 9.829300169817358 6.411167531886713
-1.894967123322495 9.836507437248033 6.31796308563261
-1.9038303721972392 9.844774685193698 6.2242949356658
-1.9116282612517976 9.853549687826005 6.1296993782735765
-1.9183698947062946 9.862758970536195 6.035567524594059
-1.924020779043401 9.872233699490813 5.940508263489129
-1.9287468462498234 9.882202012854428 5.845449002384198
-1.9323755252614927 9.892215447346008 5.749462333853853
-1.9349466416651726 9.90221484617456 5.653939369036215
-1.9365437188549077 9.912359275755232 5.557025293080456
-2.48532 9.68519 5.557025293080456
-2.4859279831663685 9.695441363984202 5.460111217124697
-2.4855555275141823 9.705322458836637 5.362269733743524
-2.4842196139670327 9.715119912265473 5.264428250362351
-3.235830271126623 6.55296257240067 9.804087597763692
-3.227396058663866 6.5493359563003715 9.705782410669812
-3.219358508355829 6.54489905769305 9.607477223575932
-3.212377867958564 6.540095635408012 9.508708332769345
-3.205904906691463 6.534627273821675 9.409939441962758
-3.200268284132408 6.528820840804008 9.310243143730757
-1.1687316135323087 3.9691155443562756 4.573509718428948
-3.09074 9.51147 4.573509718428948
-3.084585120018986 9.51611524802212 4.472886012771533
-3.078273344016796 9.519949472485715 4.372726010826826
-3.0713156760353595 9.523273887175218 4.272102305169411
-3.0644180361883078 9.52575357789425 4.170551192086582
-3.057674561738181 9.527429288150945 4.0680726715783395
-3.0514405276973844 9.528314679346575 3.9665215584955105
-3.0448231256334894 9.528576406503113 3.8645067416999748
-3.0385939948092706 9.528186677690826 3.7615645174790253
-3.032759420435708 9.527212583750103 3.6590859969707825
-3.0270551052390826 9.52564672767002 3.5566074764625397
-3.68252 9.29801 3.5566074764625397
-3.677309673873726 9.295986808290577 3.454592659667004
-3.6726719828200824 9.29361701060903 3.351650435446054
-3.668622248917892 9.290990641012899 3.2477808037996905
-3.6648666512409593 9.28795853810847 3.143911172153327
-3.661445672142167 9.284553385550998 3.040041540506963
-3.6588430112896027 9.281360109156166 2.9357082051478924
-3.6565870642164713 9.277913145209373 2.8313748697888217
-3.654876794015568 9.274589006298418 2.726114127004337
-3.653525245363959 9.271103573771205 2.6208533842198527
-3.6526326496756334 9.267810061575096 2.516056345148075
-4.25624 9.04723 2.516056345148075
-4.255757510650664 9.044237590121806 2.4103318986508833
-4.255593497167541 9.041210972797352 2.3046074521536917
-4.255730131512371 9.038564704980603 2.197955598231086
-4.256096316157278 9.036269926747888 2.091767448021187
-4.256689210094895 9.034080247597895 1.9841881866731677
-4.257276807344584 9.032574256372126 1.877536332750562
-4.258021378350622 9.031139371667035 1.7708844788279565
-4.2587038290081 9.030109699373668 1.663305217479937
-4.259492892213879 9.029159255693639 1.5557259561319174
-4.260379444708696 9.028299029789848 1.448146694783898
-4.81844 8.76422 1.448146694783898
-4.819113238457136 8.763694524985038 1.3396400260104644
-4.81956224112236 8.763416611715545 1.231597060949738
-4.820038593858118 8.763188736201558 1.1235540958890116
-4.819869547375581 8.763248183664558 1.015047427115578
-4.819695057272064 8.763288974814206 0.9065407583421445
-4.8188151123171705 8.763396098173493 0.7975703858560043
-4.818635930965657 8.763398279316487 0.6890637170825707
-4.817429129240649 8.7632816617675 0.5805570483091373
-4.815868759601039 8.762957487065496 0.4711229721102899
-4.814353128984178 8.762464834568425 0.3616888959114425
-5.35749 8.44466 0.3616888959114425
-5.35603724121374 8.44400476373835 0.25225481971259506
-5.354336384076897 8.443001007547174 0.14189333608833368
-5.352756425650007 8.441816029547137 0.03153185246407231
-5.3508412771417575 8.440018003141535 -0.07790222373477508
-5.349345823973942 8.438269311381204 -0.1878000036463295
-5.34765324466073 8.435782479057409 -0.29816148727059094
-5.346244856132844 8.433124359140493 -0.40852297089485234
-5.345017827940331 8.430024189731428 -0.5184207508064067
-5.34413821836721 8.426808146269503 -0.6283185307179612
-5.343556997217919 8.423138460357812 -0.7391437180549296
-5.87662 8.09149 -0.7391437180549296
-5.876433133437967 8.087452911753182 -0.8495052016791911
-5.876692038886955 8.08341980270518 -0.9598666853034525
-5.877516333440624 8.078743234788842 -1.0706918726404209
-5.878852792314214 8.074186522523783 -1.1815170599773892
-5.880810794624731 8.069504835744157 -1.2918785436016507
-5.883457467528935 8.064733880265798 -1.4031674346513259
-5.886617626558077 8.060286376634673 -1.5144563257010013
-5.8902521728349795 8.056217351321482 -1.6257452167506765
-5.894558953692803 8.052359651677651 -1.7365704040876448
-5.899576355598766 8.048780529901066 -1.8483229988500272
-6.37562 7.70559 -1.8483229988500272
-6.38100524836795 7.702592745490775 -1.9600755936124095
-6.386991898179312 7.700088973941189 -2.0713644846620847
-6.393585484173646 7.698158431131403 -2.183580783137174
-6.400353782840953 7.696978386659691 -2.295797081612263
-9.661410330325937 7.499779179448767 2.22948745069516
-9.660500936231537 7.506917868869298 2.117734855932778
-9.65863405113364 7.514597846532453 2.005518557457689
-9.655806911644234 7.522326607034165 1.8937659626953065
-9.652135494953438 7.529691873904274 1.7820133679329242
-9.647665604373325 7.536601760646269 1.670260773170542
-6.84597 7.28901 1.670260773170542
-6.840309433106017 7.295925588696835 1.5580444746954525
-6.833910055092135 7.302163805238482 1.445828176220363
-6.8265949285300955 7.30784615289855 1.3340755814579808
-10.071703570187388 5.324153592890105 10.496397240835213
-10.08090229296731 5.32144639029596 10.385108349785538
-10.090720216900756 5.319711182939089 10.272892051310448
-10.100996040555767 5.319065878853964 10.161139456548065
-10.110954139949996 5.319554582638403 10.048923158072975
-10.12149295261735 5.321268881961937 9.93624315588518
-10.1320860000818 5.324245496370777 9.82402685741009
-7.28829 6.84503 9.82402685741009
-7.29878507534653 6.849296884444647 9.712274262647707
-7.308738840722887 6.854707565014204 9.600521667885324
-7.318027116429451 6.861194539948037 9.488769073122942
-7.326778797418969 6.868892171978535 9.377480182073267
-7.334658644222377 6.877555036247235 9.264800179885471
-7.341705294453378 6.887313265803519 9.152583881410381
-7.347774935706612 6.898083197434315 9.040831286647999
-7.352733030316594 6.909762899784665 8.929542395598324
-7.356363313374263 6.921920991496588 8.818253504548649
-7.358678868532406 6.934727827893562 8.70742831721168
-7.7049 6.3738 8.70742831721168
-7.705810857710829 6.3871647482590115 8.595675722449297
-7.705225595138983 6.4005477085263855 8.483923127686914
-7.703101041650455 6.414103970341624 8.37263423663724
-7.699484082027909 6.427340418695233 8.261345345587564
-7.694299148855053 6.440396251193021 8.150520158250595
-7.687702069343895 6.452798542761143 8.039694970913626
-7.679589809075611 6.464664223862575 7.929333487289364
-7.669971508511545 6.475853378951421 7.818044596239689
-7.658931412125546 6.486127186846871 7.707219408902721
-7.646822777467121 6.495116949001319 7.5963942215657525
-8.09164 5.87931 7.5963942215657525
-8.07832977642382 5.887069593606257 7.486032737941491
-8.064245904631196 5.893316024580109 7.375671254317229
-8.04924901570298 5.898071829760084 7.265773474405675
-8.03344712067097 5.901228830803652 7.154948287068707
-8.017068241344617 5.902646917245071 7.044586803444445
-8.000306932899772 5.90224462448389 6.934689023532891
-7.983690862302172 5.900006433664377 6.824791243621337
-7.967104166319854 5.895880662475721 6.715357167422489
-7.951067290193722 5.889968042445137 6.605923091223642
-7.935480386338564 5.882193815850891 6.496952718737501
-8.44246 5.3587 6.496952718737501
-8.427811033033825 5.3492767342310374 6.38798234625136
-8.414020429441976 5.338111088209678 6.279475677477927
-8.401520100480019 5.325517670312035 6.1709690087044935
-8.390016124835276 5.311091651032486 6.061998636218353
-8.379974964625518 5.295224627229725 5.953491967444919
-8.371854621724427 5.27865623807877 5.8445215949587785
-8.36536278059333 5.260689832638999 5.736478629898052
-8.360846162497147 5.242128154733408 5.628435664837325
-8.358314971952398 5.222864465801595 5.520856403489306
-8.357859273280505 5.203114467957308 5.413740845853994
-8.76204 4.81854 5.413740845853994
-8.76367103664241 4.7991793089920165 5.306161584505975
-8.767495607477997 4.779465641106473 5.199509730583369
-8.773396963047302 4.760271109436682 5.092857876660763
-8.781308041288646 4.741813837573341 4.986206022738157
-8.791298528456535 4.724019324224254 4.880017872528259
-8.803118759905509 4.707383920181212 4.773829722318361
-8.816851492332196 4.69185080642254 4.668105275821169
-8.832427984160828 4.67759620990923 4.561453421898563
-8.84938884553607 4.665113490002556 4.4561926791140785
-8.868177850073332 4.654124827580987 4.350468232616887
-9.0481 4.25989 4.350468232616887
-9.067943700924005 4.250945452669077 4.244743786119695
-9.088930161674108 4.24404305905019 4.13948304333521
-9.110844326579954 4.239315093706624 4.034686004263433
-9.132753780352449 4.236946386267811 3.9308163726170693
-9.155497987188724 4.236859376614844 3.8264830372579985
-9.178127577418856 4.239141516248461 3.722149701898928
-9.200023147086641 4.243690431833645 3.6187437739652712
-9.222316740993534 4.250788617618284 3.5153378460316147
-9.243758563642754 4.2601500711484865 3.411931918097958
-9.264403236495088 4.271835355633086 3.3089896938770083
-9.29819 3.68195 3.3089896938770083
-9.317524596827257 3.695694881090551 3.206047469656059
-9.335302879810277 3.711317339218598 3.10449635657323
-9.35140581850738 3.728661615193806 3.0029452434904016
-9.365863927410459 3.7478091460019773 2.9018578341202796
-9.378682999120572 3.768922516645536 2.800306721037451
-9.389131812440525 3.7908823887485275 2.699683015380036
-9.397321815876266 3.8137808062986007 2.5990593097226213
-9.403326941526835 3.838018945664202 2.4993630114906202
-9.406843285547666 3.8624117800409112 2.3992030095459125
-9.407933311177084 3.887740563210725 2.2985793038884976
-9.51085 3.09063 2.2985793038884976
-9.50939331810947 3.1158849684179937 2.1993467093692036
-9.505390877196595 3.1411933615862138 2.1005778185626167
-8.674693341041753 6.31988145881048 6.6388460548258355
-8.651103833725903 6.309070311005383 6.540540867731956
-8.628689299028485 6.295996122442938 6.442235680638076
-8.607402072761912 6.280594052044798 6.344394197256903
-8.58772121429667 6.263186192189416 6.2465527138757295
-8.569613070202415 6.243700263350988 6.149174934207264
-8.55328757234685 6.222286868390843 6.052260858251505
-8.539110694122126 6.199394260681093 5.955346782295746
-9.68582 2.48721 5.955346782295746
-9.673780785540547 2.462760577388766 5.858896410052694
-9.664152027548274 2.437265401955958 5.762446037809641
-9.657037690852553 2.4110148217873064 5.66738677670471
-9.652392056081085 2.3838861857061797 5.572791219312486
-9.65032961402173 2.3564400356883013 5.478195661920262
-9.650875192363278 2.328595866411375 5.384063808240745
-9.65407250148162 2.3006023714276638 5.290395658273935
-9.659941183245657 2.272711642178292 5.197191212019832
-9.668380170515924 2.245488165222518 5.103986765765729
-9.679441285685295 2.21886723135868 5.0112460232243325
-9.82468 1.87367 5.0112460232243325
-9.838158889451995 1.8481878115595654 4.918505280682936
-8.069410236564977 4.552107144571428 0.1901185222098567
-8.045587113349377 4.53597342576884 0.09876889080658151
-8.02333508045436 4.517733768036697 0.007419259403306358
-8.00260748886675 4.497311483655256 -0.08346666828726186
-7.983608505577677 4.474843315399947 -0.17388889226512314
-7.966528845947235 4.450484438081412 -0.26384741253027744
-7.951706582839866 4.424689667415886 -0.35380593279543165
-7.93912522120038 4.397371518296536 -0.44330074934787883
-7.9291636811296025 4.369397403932312 -0.5318681584749122
-9.91978 1.25258 -0.5318681584749122
-9.912168334253968 1.2232032940649193 -0.6195081601765315
-9.907157161566936 1.1932731010263462 -0.7071481618781509
-9.90475946492736 1.1626941764855119 -0.7943244598670632
-9.871000848850926 4.94452234806762 8.392573496283642
-9.86360038014584 4.973895959943756 8.306324605720144
-9.853590544529178 5.002830963452821 8.220539418869352
-9.841005789462262 5.031099725906117 8.135217935731268
-9.825900332949441 5.058478631217012 8.05036015630589
-9.808347606126489 5.084749791516219 7.96596608059322
-9.78888063037994 5.109149828741718 7.882499412305964
-9.97996 0.627094 7.882499412305964
-9.958302731523473 0.6500231179633147 7.799496447731414
-9.93481902382598 0.6710777421874307 7.716493483156865
-9.90941065435404 0.6903096371666204 7.633954222295022
-9.882549882119944 0.7073516339535607 7.5528060725712995
-9.854396091516456 0.7221602400376269 7.471657922847578
-9.824484006483587 0.7349154102721861 7.39004606941115
-9.79368411442714 0.7451721874584717 7.309825327112842
-9.762161349493201 0.7529278382923839 7.229604584814534
-9.730173031798369 0.7581236156859522 7.150774953654347
-9.697874894970376 0.7607842413847699 7.07194532249416
-10.0017 -0.000499937 7.07194532249416
-9.96896666445465 -0.00038989195856451776 6.99357939504668
-9.936000108587491 -0.002867165139984893 6.915677171311907
-9.903380963526597 -0.007894076053417732 6.839166058715255
-9.871241486731247 -0.015399573315845573 6.762654946118603
-9.839769729339206 -0.025339741548412197 6.686143833521951
-9.808847403794056 -0.0377780713561533 6.610096424638007
-9.778667126234629 -0.05267402543130767 6.534512719466769
-9.750026006681365 -0.06961233631734323 6.4598564217209455
-9.722460616068615 -0.08882612403250015 6.385663827687829
-9.696395271377956 -0.11003032654411898 6.311471233654712
-9.9801 -0.628354 6.311471233654712
-9.955441182366686 -0.6516558439643596 6.237742343334301
-9.932126229940762 -0.6771922775346083 6.164940860439305
-9.9111680947299 -0.7038013296419601 6.092603081257017
-9.892005265558925 -0.7321255307836925 6.020729005787435
-9.874763129638419 -0.7620351442180464 5.9493186340305595
-9.859723102069964 -0.793049007101216 5.879299373411805
-9.84688972154893 -0.8250391065789957 5.809280112793051
-9.83622597363972 -0.8581589634753373 5.739724555887004
-9.827889823831686 -0.8919398611348621 5.670168998980957
-9.821986984135945 -0.9258428198485772 5.601540849500323
-9.91957 -1.25325 5.601540849500323
-9.91597216571142 -1.2878021633443142 5.533376403732397
-9.914724493263531 -1.322844916122619 5.465675661677178
-9.91584851257419 -1.3578365411516966 5.3993660307600795
-9.919288643399733 -1.3926767871538341 5.333056399842981
-9.92508322181351 -1.427534087586315 5.26721047263859
-9.933233295627803 -1.4622519309562332 5.201828249146906
-9.943523069687819 -1.4959984149912837 5.1373734330806355
-9.956080055943712 -1.529317096047408 5.073382320727072
-9.970584989268623 -1.5614171546017754 5.010318615798923
-9.98723678276888 -1.592827286034299 4.94771861458348
-9.82123 -1.87327 4.94771861458348
-9.839984572775641 -1.9038547812640876 4.885582317080745
-9.860602154656629 -1.933215948855818 4.82344601957801
-9.882968650394114 -1.9611969952150936 4.762700833213396
-9.906992561635269 -1.9877686111917696 4.7019556468487815
-9.932545770920866 -2.0127940969338414 4.642601571622288
-9.959784491235231 -2.036473587241355 4.583711200108501
-9.98836968031057 -2.058508856949597 4.524820828594715
-10.018156536161737 -2.078792391856207 4.467321568219049
-10.049666302637142 -2.097694448756325 4.409358604130676
-10.081880395580258 -2.1145625243784814 4.352323047467718
-9.68615 -2.48608 4.352323047467718
-9.718925973509888 -2.5009269750125207 4.296214898230173
-9.75278698144663 -2.5140301957922087 4.240570452705335
-9.787634411534576 -2.525330485366576 4.1853897108932046
-9.823367202563173 -2.534774942818793 4.130672672793781
-9.859508890021731 -2.542239866114104 4.077346745832479
-9.8959970877377 -2.547767802401497 4.024020818871176
-9.932673037058928 -2.551337680124886 3.9720860030479943
-9.969159203143981 -2.5529841467960677 3.9196874835121056
-10.005626243359872 -2.552717811105172 3.8686800751143378
-10.042357703170698 -2.550573541608431 3.818136370429277
-9.51078 -3.08956 3.818136370429277
-9.54735621830647 -3.085562715183225 3.7675926657442163
-9.584005624215337 -3.0796708834737196 3.7175126647718626
-9.620260066709722 -3.071963299581496 3.66882377493763
-9.65641159824814 -3.0624171325136578 3.6205985888161036
-9.691697403568503 -3.0512543227815385 3.5733008101199917
-9.726415968391565 -3.0384356787483755 3.5260030314238797
-9.760438740855134 -3.0240114500750113 3.4800963638658886
-9.793763733725488 -3.008041094126561 3.4341896963078975
-9.8259848306607 -2.9907386361295893 3.3892104361753206
-9.857395349927046 -2.972004885307508 3.3442311760427432
-9.29695 -3.68071 3.3442311760427432
-9.327758582118388 -3.660403453272151 3.299715619622873
-9.35789690940777 -3.63855468305001 3.25566376691571
-9.387000544409018 -3.61543427681017 3.2130030253466675
-9.414803521867771 -3.5913433727051984 3.1712696912030394
-9.441814431136814 -3.5658899078935207 3.130000060772118
-9.467752184492586 -3.5393437021135066 3.0887304303411964
-9.492790614100223 -3.511507600811573 3.047924503622982
-9.51663737417233 -3.4827158149659043 3.0085096880428885
-9.539331084218997 -3.4530067183381483 2.969094872462795
-9.560804692116976 -3.4224716797808763 2.931071168020823
-9.05022 -4.25538 2.931071168020823
-9.07048725160797 -4.224097120363375 2.8944385747169714
-9.089762296954788 -4.191813061213035 2.858269685125827
-9.107516952492238 -4.159473074133347 2.8225644992473895
-9.124252408636496 -4.126228731809975 2.787323017081659
-9.139806136052922 -4.092415371250495 2.7520815349159284
-9.154137500823213 -4.0581259905623055 2.7182311638883188
-9.167415625070731 -4.023066373090104 2.684844496573416
-9.179392984034036 -3.9879439232292087 2.6523852366839273
-9.190319332513232 -3.9521394794440807 2.6203896805071456
-9.200094701088789 -3.9160038259275987 2.588394124330364
-8.76257 -4.81558 2.588394124330364
-8.77117166057393 -4.779203926012238 2.557789679291703
-8.778656197388862 -4.7425816782377215 2.527185234253042
-8.785007193773549 -4.705802032802043 2.4979719003525025
-8.79028117707833 -4.668852573082672 2.468758566451963
-8.794467436909189 -4.631819763782529 2.440936343689544
-8.79764946569804 -4.59436001868864 2.4135778246398325
-8.799783722136441 -4.557207884690894 2.3871467130155346
-8.800945463496326 -4.519686497469238 2.361179305103944
-8.801132313945603 -4.482202878730299 2.336603008330474
-8.80040437821876 -4.4450519068947285 2.311563007844297
-8.44351 -5.35787 2.311563007844297
-8.44183758510888 -5.320423242926944 2.286986711070827
-8.439249288273174 -5.283084042832432 2.2638015254354777
-8.435796048353078 -5.245814882951078 2.2406163398001286
-8.43148609690695 -5.208690711140648 2.2188222653029004
-8.426375716623953 -5.171724042237008 2.1984193019437934
-8.42051222271727 -5.1348693269935755 2.1780163385846865
-8.413898055962832 -5.098141906792686 2.1576133752255795
-8.406546875853941 -5.061611267017504 2.1386015230045934
-8.398432178037531 -5.024908685148626 2.1200533744963144
-8.389727348111213 -4.988733604847954 2.102432633413449
-8.0907 -5.87718 2.102432633413449
-8.081359122684228 -5.841163913180665 2.084811892330584
-8.071399917642937 -5.8053712623470135 2.0685822623858394
-8.060861148228136 -5.769744952434593 2.052352632441095
-8.049762130460204 -5.7343471183792625 2.0375141136344714
-8.038156423477645 -5.699170368079621 2.024066705965969
-8.026078743980237 -5.6641528602561575 2.010619298297467
-8.01342085360754 -5.62899421720085 1.9976355943416715
-8.000555744255589 -5.594665147710843 1.985115594098583
-7.98728190141137 -5.560551356370001 1.9739867049936155
-7.973507658438865 -5.526284937615272 1.963321519601355
-7.7046 -6.37543 1.963321519601355
-7.690482254564221 -6.341363503700917 1.9540474453472154
-7.676049185559388 -6.307429399537308 1.944773371093076
-7.661171670257658 -6.273331826451512 1.9359630005516433
-7.646149869440592 -6.2397147444609296 1.9280800374356246
-7.631021820466476 -6.206563978085341 1.92112448174502
-7.615526164513401 -6.17322362332543 1.9146326297671221
-7.599977330402291 -6.140329262141073 1.9090681852146383
-7.584104752393505 -6.107227994848252 1.9039674443748615
-7.568063540613332 -6.0742081197173645 1.8988667035350848
-7.552022460840031 -6.041612580527818 1.894693370120722
-7.29054 -6.84556 1.894693370120722
-7.274242488301548 -6.81278931005855 1.8923748515571872
-7.2578690410220466 -6.780056494246505 1.8900563329936524
-7.241591101923463 -6.7477023167352534 1.8886652218555315
-7.225293085592694 -6.715420165623907 1.8886652218555315
-7.208995069261924 -6.683138014512561 1.8886652218555315
-7.192721968190701 -6.650905214080299 1.8900563329936524
-7.1764937222584795 -6.618649807151481 1.8914474441317732
-7.160481244654365 -6.586712682406991 1.893765962695308
-7.144397428935965 -6.554446773894713 1.89654818497155
-7.12857258738414 -6.522477935017787 1.9002578146732059
-6.84629 -7.29018 1.9002578146732059
-6.830440328726316 -7.257859994566408 1.9044311480875686
-6.814892119562404 -7.225817140965244 1.9095318889273454
-6.799672244768719 -7.194039257822683 1.915560037192536
-6.7845051715697196 -7.161875360607994 1.922051889170434
-6.769570473790428 -7.129663834308049 1.9299348522864526
-6.7548901596819695 -7.0973355803804425 1.9378178154024712
-6.740620041014799 -7.065240988642659 1.9466281859439039
-6.726633237773547 -7.033021919123496 1.9554385564853365
-6.712952402518082 -7.000731775875158 1.96564003816489
-6.699477579110189 -6.9680023157855855 1.9763052235571505
-6.37247 -7.70432 1.9763052235571505
-6.359607261694508 -7.672105516760573 1.987434112662118
-6.346986320751342 -7.639445815824876 1.9990267054797926
-6.334878128736561 -7.606999207069065 2.011546705722881
-6.32306696875286 -7.57409673848275 2.0245304096786767
-6.311701989430149 -7.541095965454201 2.038905224772593
-6.301033203530794 -7.508607182470424 2.0537437435792167
-6.29075056276136 -7.475652487766548 2.069045966098547
-6.281081367648505 -7.442909964573182 2.0852755960432914
-7.292289729434054 -11.083654749396022 11.376970591265774
-7.3056886243326 -11.114995841177915 11.39459133234864
-5.8788 -8.09115 11.39459133234864
-5.891623757203484 -8.12267110470262 11.413603184569626
-5.903963038490497 -8.154734532331824 11.43307874050332
-5.9157866993031964 -8.187338631624412 11.453018000149719
-5.926730141984491 -8.219502436393004 11.473420963508826
-5.936998379837302 -8.2518301205546 11.495215038006053
-5.9465596829908005 -8.284373896516534 11.517009112503281
-5.955395086250764 -8.317064938570127 11.54019429813863
-5.186061710254047 -5.1838551939126045 6.9258786529914635
-5.152919357549383 -5.188617136402111 6.949991246052226
-5.119726722636403 -5.1925720831647055 6.97549495025111
-5.35834 -8.44511 6.97549495025111
-5.325057304534643 -8.448217217231159 7.000998654449994
-5.2920865904442875 -8.450448935861584 7.027429766074292
-5.258742706770785 -8.451821935401332 7.054324581411296
-5.2260811345670435 -8.452287684704542 7.081683100461008
-5.193800276836189 -8.45186479322622 7.109969026936134
-5.161218589792153 -8.450515611616128 7.138718657123967
-5.1287442975399955 -8.44823427926149 7.1688593984499205
-5.096353505676235 -8.444975332034335 7.199000139775874
-5.064453665230713 -8.44079131284682 7.230068288527242
-5.032377447132744 -8.435565990600297 7.261600140991317
-4.81627 -8.76426 7.261600140991317
-4.784428720220398 -8.7580366247082 7.294523104593512
-4.752809550552246 -8.750768502012338 7.327446068195708
-4.721815322675882 -8.742561105993747 7.3612964392233176
-4.691481668666378 -8.733419460366713 7.396074217676341
-4.661175562443198 -8.723123760174417 7.431315699842072
-4.631607490981848 -8.711901926032732 7.467484589433217
-4.6024645505098105 -8.699618220073608 7.503653479024361
-4.574130608037813 -8.686449403259811 7.5407497760409194
-4.546644110378163 -8.672412208890176 7.578773480482892
-4.519426629358932 -8.65718108325274 7.6172608886375714
-4.25874 -9.04852 7.6172608886375714
-4.232454037876109 -9.032451734417618 7.6566757042176645
-4.207138867683029 -9.015571676647063 7.697017927223172
-4.182525089207086 -8.997684359872906 7.737360150228679
-4.158951889120779 -8.979055286229316 7.7786297806596005
-4.135920155415934 -8.959256996231035 7.820363114803229
-4.114012989015132 -8.938775413899927 7.863023856372271
-4.092999248926399 -8.917378173844687 7.905684597941313
-4.072698889639207 -8.894862103545847 7.948809043223062
-4.0536309532462 -8.871785707031203 7.992860895930225
-4.035597744422629 -8.847891991248297 8.036912748637388
-3.68179 -9.29827 8.036912748637388
-3.6648578355671457 -9.27365087502738 8.082355712482672
-3.649233866415432 -9.248564686514957 8.127334972615248
-3.634940482054266 -9.223133718235468 8.17324164017324
-3.62168268798029 -9.196782408018661 8.219612011443937
-3.6098160110803312 -9.17019303972037 8.26690979014005
-3.599358503212761 -9.143427471243351 8.315134976261575
-3.590099572089849 -9.115879905522355 8.363823866095808
-3.58229607933276 -9.08828123819338 8.413440163355455
-3.575870971749515 -9.060329513200292 8.463056460615102
-3.5709641222366257 -9.032789808546884 8.513136461587456
-3.08921 -9.51028 8.513136461587456
-3.0856948750557294 -9.48258403418141 8.56460757369793
-3.0835849664817165 -9.45441882899612 8.616542389521113
-3.082956150268256 -9.426889133215624 8.668940909057001
-3.083779687372781 -9.399038448365621 8.721803132305597
-3.0860422480534475 -9.371650152178239 8.775592762979606
-3.0897740323910976 -9.344423111675482 8.829382393653615
-3.0949538048142986 -9.317490373078577 8.884563135465745
-3.101518561569147 -9.291254169277456 8.94067128470329
-3.109544280285093 -9.265427395180858 8.996779433940835
-3.118872320063373 -9.240448508261178 9.053814990603794
-2.48587 -9.68546 9.053814990603794
-2.4966067839952846 -9.661053472445063 9.110850547266752
-2.508544224809712 -9.637638348110379 9.168813511355125
-2.521982703589902 -9.614672736190359 9.227240179156205
-2.536316407004163 -9.593165554320354 9.287521661808112
-2.5519197747352944 -9.572560971310631 9.34780314446002
-2.5687361235419104 -9.55293383860176 9.408084627111927
-2.586439306331603 -9.534629514647296 9.469293517189248
-2.6049476993042915 -9.517699715390078 9.531429814691984
-2.624471652318947 -9.501951891032324 9.59356611219472
-2.644935809215316 -9.48744682309584 9.655702409697456
-1.87356 -9.82213 9.655702409697456
-1.8945612326161378 -9.809124407926657 9.718766114625605
-1.9162916134078933 -9.79749429351599 9.783220930691876
-1.9384292505751406 -9.787422976485479 9.847212043045438
-1.9611139312963253 -9.778807546377458 9.912594266537122
-1.98431303738217 -9.771692642851338 9.977976490028805
-5.718203496132001 -8.8887590322255 0.7706755705189927
-5.694702952349277 -8.88910504616445 0.837912608861505
-5.671232261986326 -8.887871361595304 0.9051496472040171
-5.648276026502568 -8.885109101705835 0.9733140929719433
-5.625561244340991 -8.880789669030722 1.0414785387398695
-1.25333 -9.9222 1.0414785387398695
-1.2310156527427611 -9.916357459328859 1.1110340956459166
-1.209470165984021 -9.909082495589232 1.1801259488392568
-1.1885293575819307 -9.900358715239822 1.2506089131707179
-1.1685462506238007 -9.890328085676662 1.3206281737894718
-1.1496418184679809 -9.879118435356645 1.3915748418336398
-1.131624997484417 -9.866628399699245 1.4639126210159288
-1.1148117871351617 -9.853073466216243 1.535786696485511
-1.0992942618309036 -9.838606128962873 1.608588179380507
-1.0846485235212722 -9.82280936403158 1.68185336598821
-1.0714364484488397 -9.80628072720608 1.756045960021327
-0.628376 -9.97927 1.756045960021327
-0.6164254491677614 -9.96180749451439 1.830238554054444
-0.605993585053992 -9.943836934409347 1.9053585555129748
-0.5969398199121237 -9.925134149693347 1.9804785569715055
-0.5894551211615707 -9.906159300903775 2.0565259658554504
-0.5835462032232415 -9.887034923799764 2.133500782164809
-1.2991528453053938 -13.047150137536189 -2.42702523230835
-1.3191190761911102 -13.045733544780095 -2.3500504159989912
-1.338753861448911 -13.045854183875521 -2.2721481922642184
-1.3579397895474814 -13.047470497659699 -2.193318561104032
-1.3769388552678858 -13.050592645799073 -2.114488929943845
0.000995617 -10.0006 -2.114488929943845
-0.01732840294758441 -10.005117331934043 -2.0347318913582444
-0.03523426537983686 -10.011080224302605 -1.9549748527726438
-0.05225714102956804 -10.018301866310704 -1.874290406761629
-0.06830475083577195 -10.026695302333751 -1.7926785533252003
-0.08361470407581639 -10.036369023466428 -1.7110666998887716
-0.09808508547451503 -10.04725863369551 -1.629454846452343
-0.11133463213011642 -10.059038316565612 -1.5469155855905006
-0.12356788890779911 -10.071870262782395 -1.464376324728658
-0.13446212742829763 -10.085370395179519 -1.3809096564414016
-0.1441929364403311 -10.099731779641077 -1.2974429881541452
0.626913 -9.97983 -1.2974429881541452
0.6186001776243625 -9.994620277572205 -1.2130489124414747
0.6117217954967813 -10.009711706626385 -1.1277274293033903
0.6062639222992992 -10.025027333281594 -1.0428696498780128
0.6022208627366141 -10.040381740183953 -0.9570844630272213
0.5994525443528834 -10.056347282963438 -0.8708355724637229
0.5980976370848299 -10.072167155537059 -0.7850503856129316
0.5981030264309938 -10.08766367712814 -0.6983377913367262
0.5994173046279768 -10.102721687556292 -0.610697789635107
0.6021011939494958 -10.117927890317842 -0.5225940842207807
0.6059289285260607 -10.132155995401039 -0.43402667509374737
1.2549 -9.92095 -0.43402667509374737
1.2599712312362261 -9.934783768105467 -0.34545926596671406
1.266083830646028 -9.947769795287185 -0.25596444941426677
1.2731679635350261 -9.959876183917899 -0.16693333657452653
1.2812684080068932 -9.971259704743082 -0.07651111259666529
1.2901154813232307 -9.981575844549852 0.014838518806609899
1.299866732438177 -9.991041918100736 0.10618815020988503
1.3101872097826073 -9.999374213522941 0.19707407790045317
1.3209041740684626 -10.006523834006874 0.2888874130164354
1.3322315083803704 -10.012660762713878 0.38070074813241755
1.3437233267112967 -10.017583183989485 0.4734414906738137
1.87454 -9.82258 0.4734414906738137
1.8864382889573643 -9.82641703526862 0.5661822332152098
1.898268645702274 -9.829052794836361 0.6598503831820198
1.9102936681101201 -9.830570492204604 0.7535185331488299
1.9217010415741143 -9.830934278301012 0.8476503868283469
1.933092106395019 -9.830224241740742 0.941782240507864
1.9439893905168673 -9.82850605044681 1.036841501612795
1.954990123214599 -9.825680182976656 1.1323644664304329
1.965312635250769 -9.821947620813907 1.228814838673485
1.9749332655374183 -9.817378194747702 1.32480150720383
1.9840716795022855 -9.811907767717422 1.420788175734175
2.48713 -9.68584 1.420788175734175
2.495395208470903 -9.679745212390928 1.517702251689934
2.5027483635206806 -9.673134170906442 1.6155437350711068
2.509420548344013 -9.665836451510701 1.7133852184522798
2.5151525327872823 -9.658182779860502 1.8107629981207456
2.519915446466216 -9.650334025978967 1.9090681852146254
2.523885033405527 -9.642055701043503 2.007373372308505
2.5267812327359414 -9.634092395483446 2.106142263115092
2.5288780682282392 -9.625882311018438 2.204911153921679
2.530097641955665 -9.6178823848822 2.3046074521536797
2.530514917346889 -9.609800797197236 2.4043037503856803
3.0905 -9.51052 2.4043037503856803
3.0901448450425013 -9.503143438572396 2.504463752330388
3.0890538683693163 -9.495839360024242 2.604623754275096
3.0871578525860426 -9.488365003803317 2.7052474599325107
3.0847624826453335 -9.481783515211637 2.8063348693026327
3.081715167905728 -9.47547735456406 2.9074222786727546
3.0780759751427187 -9.469558002525401 3.0099007991809974
3.0742468098650693 -9.464559543636147 3.111451912263826
3.0701919931018655 -9.460252621516718 3.213930432772069
3.0657178543606314 -9.456383099627624 3.3164089532803116
3.061183715350778 -9.453210175747605 3.419814881213968
3.68288 -9.29672 3.419814881213968
3.6783275129792297 -9.294190379220865 3.522757105434918
3.6735391811375857 -9.292141965801944 3.625699329655868
3.668565702119336 -9.29059644782549 3.7286415538768174
3.6638335236302146 -9.28964531761299 3.832511185523181
3.6594077984694224 -9.289225928108001 3.9373082245949584
3.655288447648937 -9.289268430637621 4.041641559954029
6.889611710324964 -8.916817503596334 -0.49106223175670927
6.890696209045283 -8.920395042720516 -0.38580148897222466
6.89215058469772 -8.923838836431095 -0.28054074618774
6.89395873792913 -8.92711076331768 -0.1752800034032554
4.25922 -9.04812 -0.1752800034032554
4.26095668806634 -9.050604195526034 -0.06955555690606377
4.262945830303704 -9.052891251714865 0.036168889591127795
4.264886045769011 -9.054695958408578 0.14282074351373333
4.266746381795078 -9.056088527330258 0.24900889372363194
4.269024036417785 -9.05744266606828 0.3556607476462375
4.270493614892942 -9.05811617865561 0.462312601568843
4.272335654121777 -9.058732925323367 0.5694281592041556
7.458002947767904 -9.757641857455667 5.313117140196567
7.457776119476445 -9.75885615266599 5.420696401544586
7.457731194223673 -9.759437755845902 5.527348255467192
4.81734 -8.76539 5.527348255467192
4.817376511497245 -8.766624759426847 5.634927516815211
4.817448701995371 -8.767147853788048 5.742970481875938
4.817405205333994 -8.766974018364259 5.851477150649371
4.817475194839893 -8.767163580941329 5.959056411997391
4.817395437985284 -8.767003114252393 6.0675630807708245
4.817298772627439 -8.7668522284588 6.176069749544258
4.816742568968752 -8.766161999491132 6.285040122030399
4.816114598635669 -8.76553635438525 6.394010494516539
4.815422311112356 -8.76498271504162 6.502980867002679
4.814076814512282 -8.764128618121578 6.612414943201527
5.35831 -8.44237 6.612414943201527
5.356879271212001 -8.441667961692765 6.721849019400374
5.355073845578047 -8.441015603243606 6.830819391886515
5.35315445334375 -8.440550442043381 6.941180875510777
5.350872166568212 -8.440258089304402 7.051078655422331
5.348190377077792 -8.44021114027964 7.161903842759299
5.345195284108342 -8.440491457675707 7.272265326383561
5.341930042548085 -8.441165880468388 7.382163106295115
5.338758467628804 -8.442194355592786 7.492060886206669
5.335371239296268 -8.443721148616781 7.602886073543638
5.332173651989622 -8.445613197276627 7.713711260880606
5.87954 -8.08979 7.713711260880606
5.876310820151028 -8.092220102493227 7.824072744504868
5.873091394441208 -8.095252487706013 7.935361635554543
5.870017656103086 -8.098872139846218 8.046186822891512
5.867363102585894 -8.102809536779688 8.157012010228481
5.865009088572464 -8.107305154887923 8.267373493852743
5.863025947854764 -8.112387875274894 8.378662384902418
5.861535529162276 -8.117974364335154 8.489487572239387
5.860720790398009 -8.123369092723529 8.600776463289062
5.860482931294631 -8.129527652427267 8.712529058051445
5.860933359315737 -8.135674322190267 8.824281652813827
6.37521 -7.70546 8.824281652813827
6.376403027521523 -7.711838521244716 8.935570543863502
6.378201921682201 -7.717733299813608 9.047323138625885
6.381056885952734 -7.7243391353607365 9.159075733388267
6.384468837303751 -7.730302436441798 9.271292031863357
6.38871965846472 -7.736109191449476 9.38304462662574
6.393812220115288 -7.7416455928718015 9.494333517675415
6.400021793427983 -7.7470463017011735 9.606086112437797
6.406794920277155 -7.751720829406771 9.71783870720018
6.414047101498338 -7.7556108582139265 9.829591301962562
6.421687861412073 -7.758667857482171 9.941343896724945
6.84433 -7.28796 9.941343896724945
6.8529458589404015 -7.290333680539616 10.053560195200035
6.8617733341522715 -7.291727619551502 10.165776493675125
6.8707013822743175 -7.292124282274065 10.277992792150215
6.88026815958921 -7.291474498867953 10.38928168319989
6.889757989322187 -7.289756406753986 10.501961685387686
6.8989944524059155 -7.286982157562602 10.614641687575482
6.908459757857255 -7.282930372540662 10.726394282337864
6.917130661060998 -7.2780091925433865 10.838610580812954
6.9254596515721545 -7.2719563513744605 10.950363175575337
6.933302359766792 -7.264792566083327 11.061652066625012
7.28935 -6.84493 11.061652066625012
7.296599791965754 -6.836652717573002 11.173868365100102
7.303063057284759 -6.827347927902651 11.285620959862484
7.308448334496477 -6.817380395673143 11.397373554624867
7.312810440754216 -6.806572181758927 11.508662445674542
7.316047753228522 -6.794979160949193 11.620878744149632
7.318018471852405 -6.782774725674242 11.732631338912014
7.3186158572253595 -6.770426644730583 11.844383933674397
7.317832456576164 -6.7580889684624275 11.95613652843678
7.315621234599976 -6.745594623880724 12.067425419486455
7.468240298330685 -7.263730804952008 -1.7323970706732865
7.70435 -6.37441 -1.7323970706732865
7.714913418129559 -6.366807957405449 -1.6215718833363182
7.725096093707642 -6.3576101815873285 -1.5102829922866428
7.7341942783759725 -6.347338424304864 -1.3989941012369673
7.742095405392937 -6.336119772256124 -1.287705210187292
7.74885866207327 -6.3238073129854016 -1.1768800228503236
7.7543430693816395 -6.310521063283655 -1.066518539226062
7.758436571159366 -6.296345304378443 -0.9552296481763867
7.760865959614327 -6.282178398350798 -0.8448681645521252
7.7617622947817395 -6.267124115234275 -0.7340429772151569
7.760971417013411 -6.251737502321171 -0.6236814935908955
8.08787 -5.87775 -0.6236814935908955
8.085389289152113 -5.862544099228545 -0.5133200099666342
8.081248928777969 -5.847703925356439 -0.4029585263423728
8.075377644409215 -5.83310761142804 -0.2930607464308184
8.067940904139249 -5.81924329555627 -0.183162966519264
8.058627789654091 -5.805695433889981 -0.07280148289500263
8.047879204030673 -5.793255716681032 0.037560000729258705
8.035586931537857 -5.781853816084581 0.1474577806408131
8.021856422702662 -5.771674739572557 0.25689185683966054
8.0070963331 -5.763056141865715 0.36632593303850797
7.9911854770338415 -5.75596848850437 0.4752963055246484
8.44343 -5.35854 0.4752963055246484
8.426532267762632 -5.353125293753485 0.5838029742980819
8.409147532843965 -5.349572352674671 0.6923096430715154
8.391480277104499 -5.3479229669896045 0.800816311844949
8.3730311426421 -5.348207441025488 0.9097866843310893
8.354398912182637 -5.350537104267437 1.0182933531045228
8.336128547524252 -5.354870822989858 1.1268000218779564
8.318434947437321 -5.361157623342911 1.2353066906513899
8.30123268444232 -5.369465322997356 1.3433496557121163
8.284750026666504 -5.3797521412362865 1.4509289170601358
8.269467171236784 -5.391749264506043 1.5585081784081551
8.76235 -4.81912 1.5585081784081551
8.748210330558209 -4.8329163699648054 1.6656237360434676
8.73583432548163 -4.847894057876495 1.7732029973914871
8.724779128016912 -4.864658265361314 1.8798548513140927
8.715571291525238 -4.882504043313551 1.9865067052366983
8.708315452389128 -4.901228595164231 2.093158559159304
8.703009305238254 -4.920933907686388 2.1993467093692027
8.699711110494484 -4.941789183538721 2.305998563291808
8.698670825310494 -4.962496268550349 2.4117230097889997
8.699839609611537 -4.983522991027146 2.516983752573484
8.703263317280236 -5.004632311734582 2.6217807916452616
9.04624 -4.25831 2.6217807916452616
9.051938633963314 -4.2792599253962695 2.7261141270043323
9.05978809219543 -4.299502450155286 2.830447462363403
9.070025988587389 -4.319446616151337 2.9352445014351805
9.082085344536189 -4.337891313862059 3.039114133081544
9.096197820405008 -4.355239127238101 3.1425200610152006
9.11225630173511 -4.371267850647736 3.2454622852361505
9.12987689122225 -4.385561542364628 3.3484045094571004
9.149192235659337 -4.398177355782865 3.452274141103464
9.170001458339799 -4.408871504751044 3.5556800690371206
9.191448111623055 -4.417222228107079 3.6581585895453634
9.29667 -3.68155 3.6581585895453634
9.319172682778643 -3.6877495188837583 3.760173406340899
9.342887149509208 -3.6917426137303333 3.862651926849142
9.36688569291654 -3.693288787425371 3.9651304473573847
9.390861261207672 -3.6923739244736824 4.066217856727507
9.414622110935225 -3.689044229393383 4.167305266097628
9.438612567493532 -3.6831653678058527 4.268856379180457
9.461883448637673 -3.6748847210789 4.370407492263286
9.484145039535436 -3.6643113292435885 4.4705674942079945
9.50551679430562 -3.6513963367144195 4.570263792439995
9.525757811248132 -3.6362227878527644 4.669496386959289
9.51142 -3.0898 4.669496386959289
9.53005820026712 -3.0726958238220377 4.768728981478583
9.547127360472517 -3.053586190965784 4.86749787228517
9.562228961016322 -3.0328865301223398 4.966266763091756
9.575381023128136 -3.0105176000076677 5.064571950185636
9.586274144453762 -2.986965834043025 5.162877137279516
9.59491028463222 -2.9621507810007373 5.260718620660689
9.601081051391324 -2.936610784675791 5.358560104041862
9.60471974725454 -2.9106448918462373 5.455010476284914
9.605871237004237 -2.8837426719507055 5.551924552240673
9.60439655980001 -2.8565297654913295 5.648374924483726
9.68549 -2.48606 5.648374924483726
9.681401549297682 -2.4591155845920136 5.744825296726778
9.674737329147257 -2.432690121102983 5.84127566896983
9.665577904594642 -2.407081300597622 5.936334930074761
9.653890721383435 -2.3821623406145136 6.030930487466985
9.639736402660565 -2.358177956529441 6.125062341146502
9.623390385137379 -2.335630159972336 6.219194194826019
9.604782108818968 -2.3144738228730417 6.312862344792829
9.584039384257796 -2.294927120299751 6.406066791046932
9.561824507446957 -2.277596286641771 6.499734941013742
9.537811391920652 -2.2622436163063013 6.592939387267845
9.82095 -1.87305 6.592939387267845
9.795661391394281 -1.8600241712410917 6.684752722383827
9.768982767951416 -1.8492497045099532 6.776102353787103
9.741120367414759 -1.840859866089929 6.866988281477671
9.712611493994205 -1.835033470233996 6.957874209168239
9.683691476107969 -1.8318186113196653 7.048760136858807
9.653947200661245 -1.83122890337448 7.138718657123961
9.62427021964074 -1.8333137234673815 7.228677177389115
9.594578719974912 -1.83810817647108 7.318171993941562
9.565804002845402 -1.8454429572558841 7.406739403068595
9.537483321920014 -1.8554023045678103 7.494843108482922
9.92106 -1.25477 7.494843108482922
9.893725484947547 -1.2671826489438929 7.582946813897248
9.86730537457195 -1.2821126882863343 7.670586815598868
9.842293456972865 -1.2992979227927959 7.758226817300487
9.818378747827955 -1.3190212606985208 7.844939411576693
9.7962620099346 -1.3407416031586583 7.931652005852898
9.776357300395867 -1.3640060347081486 8.01743719270369
9.758329161134325 -1.3891552928582727 8.102758675841775
9.742343118549048 -1.4160295503353708 8.187616455267152
9.7287164859499 -1.4441122824910984 8.271083123554408
9.717478543445049 -1.4732332991213635 8.354549791841665
9.97855 -0.628659 8.354549791841665
9.969687394342976 -0.658928389643799 8.437552756416213
9.963364865741806 -0.6898283469338568 8.520555720990762
9.959587304814288 -0.7214697921782199 8.603094981852605
9.958419475831656 -0.7536407266161436 8.68517053900174
9.959875609656553 -0.7854182408956164 8.766318688725462
9.9639440777935 -0.817296510722551 8.847003134736477
9.970635797236794 -0.8490621481288764 8.927223877034784
9.97985152711129 -0.8801893894428479 9.007444619333091
9.97985152711129 -0.8801893894428479 9.007444619333091
9.97985152711129 -0.8801893894428479 9.007444619333091
