0.0 0.0 0.0
10.0024 0.0623637 0.0
9.979023401785568 0.08574029821443156 0.07790222373477272
9.99888 0.125572 0.07790222373477272
9.973755051774916 0.14705845305407028 0.15580444746954547
9.9962 0.188454 0.15580444746954547
9.969260305438363 0.20807936935836174 0.23185185635349032
9.99682 0.25246 0.23185185635349032
9.968744447882262 0.2698105570838326 0.3083629689501421
9.99547 0.311872 0.3083629689501421
9.965860779486556 0.327175474315093 0.3844103778340869
9.99268 0.376656 0.3844103778340869
9.961693564723017 0.3897929490445316 0.4599940830053247
9.99073 0.439069 0.4599940830053247
9.958892421877735 0.4498109280068932 0.5341866770384416
9.98714 0.50274 0.5341866770384416
9.954278016978115 0.5111734625796162 0.6079155673588515
9.98343 0.564906 0.6079155673588515
9.950036067906716 0.5708958679919958 0.6816444576792615
9.97944 0.625929 0.6816444576792615
9.945371335621433 0.6294764886954508 0.7549096442869645
9.97596 0.690385 0.7549096442869645
9.94242997463314 0.6914075976906351 0.8277111271819605
9.97154 0.752458 0.8277111271819605
9.937698720075154 0.7510252199691718 0.9000489063642495
9.96684 0.81708 0.9000489063642495
9.932866935203409 0.8131678061806795 0.9719229818338315
9.96215 0.878626 0.9719229818338315
9.928225263711589 0.8722237742420711 1.0433333535907066
9.95657 0.941166 1.0433333535907066
9.923188522414392 0.9323595716039177 1.1147437253475816
9.94895 1.00341 1.1147437253475816
9.9163342478687 0.9922621377338263 1.1847629859663356
9.94164 1.06683 1.1847629859663356
9.909884095198878 1.053427588632713 1.2547822465850895
9.93384 1.12633 1.2547822465850895
9.903148872886922 1.1107637274035715 1.3234103960657226
9.92918 1.19102 1.3234103960657226
9.899068705637353 1.1730516622743075 1.3911111381209418
9.92111 1.25321 1.3911111381209418
9.892283225945626 1.233245824423819 1.458811880176161
9.91366 1.31549 1.458811880176161
9.886249820158433 1.2936214552411112 1.52651262223138
9.90539 1.37948 1.52651262223138
9.879562781470492 1.3558446022962314 1.5928222531484784
9.89742 1.43993 1.5928222531484784
9.873215647607084 1.414635206724983 1.6591318840655767
9.8871 1.50159 1.6591318840655767
9.864660390715677 1.4747893783273531 1.7240504038445539
9.87609 1.56612 1.7240504038445539
9.855243679148689 1.537657119929664 1.7885052199108242
9.86596 1.62669 1.7885052199108242
9.846814990536025 1.5966686571956759 1.8524963322643875
9.85671 1.68877 1.8524963322643875
9.839523963534928 1.6575858283455913 1.916487444617951
9.8472 1.74918 1.916487444617951
9.832043286978195 1.7169606508208963 1.9804785569715142
9.83487 1.81228 1.9804785569715142
9.8218249395328 1.7792087892451658 2.0430785581869566
9.82157 1.87303 2.0430785581869566
9.810619397376133 1.8392074796096183 2.1056785594023992
9.812 1.9361 2.1056785594023992
9.803200458970734 1.9017122267977344 2.1668874494797206
9.79873 1.99755 2.1668874494797206
9.791989118355453 1.9623681921784988 2.2276326358443352
9.78534 2.05832 2.2276326358443352
9.780747362773994 2.0227938579318674 2.2883778222089495
9.77166 2.1196 2.2883778222089495
9.769236294977043 2.0839157304210687 2.347731897435443
9.75964 2.18118 2.347731897435443
9.759334567799177 2.145088825777505 2.4066222689492296
9.74584 2.24443 2.4066222689492296
9.747675723194867 2.2080578472143473 2.4650489367503092
9.73147 2.30336 2.4650489367503092
9.735426485629743 2.2671571050967927 2.523475604551389
9.71811 2.36668 2.523475604551389
9.724110264322878 2.331145855886747 2.5809748649270543
9.70171 2.42545 2.5809748649270543
9.709815068265408 2.3900016202379355 2.638010421590013
9.68639 2.48728 2.638010421590013
9.6964872364442 2.4524043914822524 2.6936548671148506
9.66964 2.54906 2.6936548671148506
9.681661241006674 2.5147999355232256 2.749299312639688
9.65343 2.60836 2.749299312639688
9.66746290373875 2.5745204145879725 2.804480054451819
9.64 2.66979 2.804480054451819
9.65585392959494 2.6368256949370816 2.8582696851258285
9.62051 2.73099 2.8582696851258285
9.638113282718576 2.698925737504001 2.912059315799838
9.60465 2.79096 2.912059315799838
9.623922544248284 2.7599354902329907 2.9644578353357267
9.58502 2.85001 2.9644578353357267
9.606077267513351 2.8197699475786746 3.0163926511589088
9.56678 2.91104 3.0163926511589088
9.58937868144493 2.8819338342868064 3.068327466982091
9.54889 2.97013 3.068327466982091
9.572720017679838 2.9425248154473436 3.1193348753798587
9.52926 3.03106 3.1193348753798587
9.554466482884715 3.0047056990722525 3.1703422837776265
9.50718 3.08928 3.1703422837776265
9.534171450426342 3.063797570008961 3.2204222847499806
9.48994 3.14995 3.2204222847499806
9.517883248829218 3.126098213173171 3.2695748782969205
9.47205 3.20921 3.2695748782969205
9.501389444286904 3.186560751470082 3.3182637681311533
9.45032 3.26895 3.3182637681311533
9.48041422509708 3.2479735494722135 3.3660252505399724
9.43073 3.32719 3.3660252505399724
9.462067414625817 3.3075008450462757 3.4133230292360843
9.40797 3.38798 3.4133230292360843
9.44020327512804 3.369794501581144 3.4606208079321963
9.38872 3.44628 3.4606208079321963
9.421777040661029 3.4296388329448573 3.5079185866283082
9.36812 3.50674 3.5079185866283082
9.401876369141126 3.491702880550543 3.5538252541862994
9.34346 3.56436 3.5538252541862994
9.377515841820399 3.5510268166460772 3.5988045143188767
9.32053 3.62364 3.5988045143188767
9.355768079553847 3.6116414466964346 3.64285636702604
9.29704 3.68207 3.64285636702604
9.332459370384232 3.671726268867549 3.68737192344591
9.27382 3.73927 3.68737192344591
9.309610883019781 3.7305258287661958 3.730496368727659
9.24887 3.79695 3.730496368727659
9.285324287219561 3.7896932997654003 3.7731571102967014
9.22646 3.85518 3.7731571102967014
9.263190602283316 3.8494845973903566 3.8158178518657437
9.20261 3.91354 3.8158178518657437
9.239495137869412 3.9094223921004834 3.857087482296665
9.17828 3.97023 3.857087482296665
9.21530361519145 3.9676377020589344 3.8983571127275867
9.15378 4.02999 3.8983571127275867
9.190823782706326 4.028929009300603 3.938235632020387
9.12716 4.08591 3.938235632020387
9.164216630838899 4.086326712523542 3.978114151313187
9.10094 4.14366 3.978114151313187
9.138601667386999 4.14558706916534 4.017065263180573
9.07373 4.20168 4.017065263180573
9.110908339026984 4.205037904561598 4.055088967622545
9.04911 4.25723 4.055088967622545
9.086133816798508 4.261998794975755 4.0931126720645175
9.01873 4.31342 4.0931126720645175
9.05549124951988 4.319583649879537 4.129745265368369
8.99407 4.37182 4.129745265368369
9.03058084647295 4.3793258734288 4.16637785867222
8.96707 4.42846 4.16637785867222
9.00322774633017 4.43728491751763 4.201619340837951
8.93773 4.48381 4.201619340837951
8.973554356577646 4.493903426804987 4.236860823003681
8.91049 4.53823 4.236860823003681
8.945883828462096 4.54956254388716 4.270711194031291
8.88175 4.59596 4.270711194031291
8.917046929082721 4.608593770544022 4.304097861346194
8.85361 4.65099 4.304097861346194
8.888414138675653 4.664774600715914 4.336093417522975
8.82183 4.70683 4.336093417522975
8.856175354705766 4.721720933348397 4.368088973699757
8.79298 4.76135 4.368088973699757
8.826781421956197 4.7773084208846415 4.398693418738417
8.7638 4.81569 4.398693418738417
8.797097271067233 4.832675260164843 4.4292978637770775
8.73322 4.87323 4.4292978637770775
8.765981935320982 4.891226191747588 4.459902308815738
8.7026 4.92619 4.459902308815738
8.73474829871197 4.9451521824529365 4.4891156427162775
8.66948 4.98293 4.4891156427162775
8.70106071192589 5.002823117093769 4.518328976616817
8.63958 5.03711 4.518328976616817
8.670520279414133 5.0578862567804626 4.546151199379236
8.60848 5.0897 4.546151199379236
8.63909580647898 5.111518116402519 4.573509718428948
8.57597 5.14318 4.573509718428948
8.605673192116036 5.1655977717280095 4.599940830053246
8.54291 5.19834 4.599940830053246
8.572265272949279 5.221738121550628 4.625908237964837
8.51117 5.25187 4.625908237964837
8.539865534353027 5.275986859145644 4.6504845347383075
8.47686 5.30411 4.6504845347383075
8.504954225394181 5.328924735266721 4.675060831511778
8.44335 5.357 4.675060831511778
8.470785425598768 5.382460018979219 4.6982460171471265
8.40801 5.41116 4.6982460171471265
8.434614068824823 5.43702199375245 4.721894906495183
8.37639 5.4639 4.721894906495183
8.402603381668161 5.490616544793949 4.745080092130531
8.33956 5.51503 4.745080092130531
8.365109171184665 5.542306723884202 4.766874166627759
8.30395 5.56818 4.766874166627759
8.32864416639885 5.5957231458368 4.787740833699574
8.2715 5.6197 4.787740833699574
8.29582659584524 5.647999599485692 4.808143797058681
8.23481 5.67162 4.808143797058681
8.258761586841175 5.700661495694271 4.828083056705081
8.20024 5.72379 4.828083056705081
8.223371126299163 5.753004354134735 4.847094908926067
8.16237 5.77453 4.847094908926067
8.185139019816976 5.804438185720092 4.8656430574343466
8.12726 5.82557 4.8656430574343466
8.14924511322072 5.855587749673789 4.883263798517212
8.08841 5.87817 4.883263798517212
8.109862792600685 5.908570463622092 4.900884539600077
8.05249 5.92841 4.900884539600077
8.07337273735684 5.959138014892594 4.9171141695448215
8.01439 5.97923 4.9171141695448215
8.034740976967393 6.010246650168809 4.931952688351445
7.97916 6.02873 4.931952688351445
7.999048512295164 6.0600452028559095 4.946791207158069
7.93941 6.07983 4.946791207158069
7.95880272574084 6.111389758943138 4.960238614826571
7.90076 6.12872 4.960238614826571
7.919893501197364 6.160817686865384 4.9732223187823665
7.86343 6.18099 4.9732223187823665
7.881790938362655 6.2127212463217285 4.985742319025455
7.82138 6.22904 4.985742319025455
7.83950195277889 6.261282805107407 4.997798615555837
7.78321 6.27869 4.997798615555837
7.8007591319234155 6.310814346409446 5.008927504660805
7.74476 6.32579 5.008927504660805
7.762103631614828 6.358395454545968 5.019592690053065
7.70525 6.37404 5.019592690053065
6.221976870099378 3.512335618039286 9.666367595089715
7.66544 6.42118 9.666367595089715
7.696996400501331 6.40210041683672 9.675641669343856
7.62496 6.46937 9.675641669343856
7.656644414653889 6.450612053167001 9.683524632459875
7.58223 6.51786 9.683524632459875
7.613731695046739 6.499544040122496 9.69048018815048
7.54195 6.56503 9.69048018815048
7.57357832967938 6.5469335932090225 9.697435743841083
7.50022 6.61462 9.697435743841083
7.532257495734544 6.59658410589985 9.703927595818982
7.46011 6.66021 9.703927595818982
7.491930463196929 6.642567342550664 9.709492040371465
7.41623 6.70778 9.709492040371465
7.448099644003628 6.6903412154542625 9.713665373785828
7.37547 6.75386 9.713665373785828
7.407412144122822 6.736554369581331 9.71783870720019
7.33311 6.80041 9.71783870720019
7.3654113529119565 6.7830837378031115 9.721548336901845
7.28988 6.84454 9.721548336901845
7.3219087558420215 6.827512654273457 9.724330559178087
7.24668 6.89031 9.724330559178087
7.2784188603588005 6.873549865326535 9.726185374028915
7.203 6.93677 9.726185374028915
7.235058433781891 6.919917079565283 9.727576485167036
7.15991 6.98292 9.727576485167036
7.1919428774330365 6.96613734883715 9.727576485167036
7.11458 7.02613 9.727576485167036
7.146612877433037 7.00934734883715 9.727576485167036
7.07217 7.07222 9.727576485167036
7.103865156005171 7.0556142877002275 9.726649077741623
7.02747 7.11468 9.726649077741623
7.059149742116232 7.09804490052257 9.72572167031621
6.98151 7.15785 9.72572167031621
7.013125379044587 7.141211274573019 9.723403151752676
6.93786 7.20225 9.723403151752676
6.9697248348655725 7.185385532051799 9.720620929476434
6.89077 7.245 9.720620929476434
6.922251308338485 7.2282262259888705 9.716911299774779
6.84539 7.2888 9.716911299774779
6.877095989349497 7.271755204017623 9.712737966360416
6.79831 7.33364 9.712737966360416
6.829323045695254 7.316800514220304 9.708100929233346
6.75311 7.37444 9.708100929233346
6.784330378164101 7.357300009848283 9.703000188393569
6.70706 7.41694 9.703000188393569
6.738144221407557 7.399667838208641 9.69650833641567
6.65908 7.46002 9.69650833641567
6.690051438870838 7.442546409420761 9.690016484437772
6.61376 7.50021 9.690016484437772
6.6445693794228005 7.48256319394585 9.682133521321752
6.56704 7.54257 9.682133521321752
6.5970983982050155 7.525037217306871 9.673786854493027
6.51863 7.58366 9.673786854493027
6.548821213254235 7.565710355217236 9.664976483951595
6.47081 7.62209 9.664976483951595
6.500794631862452 7.603903728904511 9.654775002272041
6.42268 7.66246 9.654775002272041
6.452477547928793 7.643968792853991 9.644573520592488
6.37406 7.70422 9.644573520592488
6.403620689059286 7.685455408934906 9.632980927774813
6.32657 7.7442 9.632980927774813
6.355864850052089 7.725124159267291 9.619997223819018
6.27656 7.78384 9.619997223819018
6.305333873747597 7.764566834116397 9.60747722357593
6.22841 7.82421 9.60747722357593
6.257208871452204 7.804393316566249 9.594493519620135
6.17959 7.86402 9.594493519620135
6.20808402508686 7.843863008413039 9.58011870452622
6.1291 7.90304 9.58011870452622
6.156729887148325 7.882892212317377 9.565280185719596
6.07898 7.93879 9.565280185719596
6.1065684053558265 7.918038506219033 9.549977963200265
6.03039 7.97779 9.549977963200265
6.057356493624293 7.956852608070498 9.53374833325552
5.9786 8.01627 9.53374833325552
6.005477356079773 7.9946936602163685 9.517054999598068
5.9292 8.05323 9.517054999598068
5.955670919834907 8.031243337497708 9.498970554802495
5.87722 8.0904 9.498970554802495
5.9032889964221305 8.067938246941997 9.480886110006923
5.82695 8.12595 9.480886110006923
5.8525673254756 8.103057339833684 9.461410554073229
5.77572 8.16358 9.461410554073229
5.8006073601661505 8.140452341690711 9.441007590714122
5.72473 8.1993 9.441007590714122
5.749374554604285 8.175442681961156 9.420140923642307
5.67275 8.23529 9.420140923642307
5.696623060708444 8.211194505726908 9.39834684914508
5.62185 8.27103 9.39834684914508
5.645192293873255 8.246419977883221 9.376552774647852
5.56944 8.30666 9.376552774647852
5.592203278916058 8.281588069194703 9.353367589012503
5.51743 8.34133 9.353367589012503
5.539605915665909 8.315737084072063 9.330182403377155
5.46366 8.37542 9.330182403377155
5.48499370684378 8.349613710236119 9.30606981031639
5.41087 8.40857 9.30606981031639
5.43154112235651 8.382300296596963 9.280566106117506
5.35855 8.4417 9.280566106117506
5.3785444979518235 8.41491170651169 9.255062401918622
5.30443 8.47741 9.255062401918622
5.323514682350755 8.450431796663898 9.228631290294324
5.25218 8.50954 9.228631290294324
5.270333151659686 8.482383816430616 9.201272771244613
5.19726 8.54229 9.201272771244613
5.2148371775796925 8.514371536053746 9.173450548482194
5.14505 8.57464 9.173450548482194
5.161815579901349 8.546290952591136 9.144237214581654
5.09025 8.60764 9.144237214581654
5.106022702282769 8.579098653073975 9.115487584393822
5.03625 8.64023 9.115487584393822
5.051170406506983 8.611296185798324 9.08534684306787
4.98001 8.66924 9.08534684306787
4.994051675119645 8.639869683446971 9.055206101741916
4.92611 8.70057 9.055206101741916
4.939106177816595 8.671138635791547 9.024137952990548
4.8726 8.73333 9.024137952990548
4.88465492544848 8.703560378064099 8.99167869310106
4.81743 8.764 8.99167869310106
4.828512445228568 8.733854834126667 8.95921943321157
4.76198 8.79314 8.95921943321157
4.771958414298316 8.763012978078795 8.925832765896669
4.70684 8.82173 8.925832765896669
4.71580719949245 8.791286683245543 8.892446098581766
4.65287 8.85161 8.892446098581766
4.660720531355097 8.821253441080797 8.85813202384145
4.59606 8.88279 8.85813202384145
4.602935199019603 8.85186376698045 8.823354245388426
4.5415 8.9123 8.823354245388426
4.547285599335854 8.881207762194208 8.787185355797282
4.48316 8.9394 8.787185355797282
4.487761340732469 8.908495992238132 8.750089058780723
4.42734 8.96508 8.750089058780723
4.430792013732042 8.934026600291183 8.712992761764164
4.37068 8.99312 8.712992761764164
4.37294989612059 8.962340169737852 8.674969057322192
4.31582 9.02158 8.674969057322192
4.316929773236921 8.990410353473642 8.636481649167512
4.25778 9.04961 8.636481649167512
4.2576907135941395 9.018801997930044 8.59706683358742
4.1999 9.07481 8.59706683358742
4.198612933246733 9.04441036757764 8.556724610581911
4.14302 9.10348 8.556724610581911
4.1405079243314 9.073157010898047 8.516382387576403
4.08715 9.12852 8.516382387576403
4.0834170032520944 9.09832299803752 8.476040164570895
4.03024 9.15289 8.476040164570895
4.0253011466608974 9.122922671590517 8.434306830427266
3.97218 9.17745 8.434306830427266
3.9660064312813557 9.147768944456647 8.391182385145516
3.91248 9.2028 8.391182385145516
3.9050325885802484 9.173412688587822 8.348057939863766
3.85441 9.22625 8.348057939863766
3.845702593816276 9.197211076355295 8.304933494582016
3.79768 9.25216 8.304933494582016
3.7879609409621295 9.224191519841856 8.26134534558756
3.7399 9.2758 8.26134534558756
3.728851145933864 9.247978621561575 8.217293492880398
3.68436 9.29769 8.217293492880398
3.6722528686176372 9.270729980789607 8.172314232747821
3.62354 9.31953 8.172314232747821
3.6102328808573985 9.2931416342632 8.127334972615245
3.56501 9.34402 8.127334972615245
3.5505568973662234 9.318304858971652 8.080964601344547
3.50554 9.3667 8.080964601344547
3.489910439838037 9.341682456095892 8.03459423007385
3.44643 9.38774 8.03459423007385
3.429874365062005 9.363787474476583 7.987296451377738
3.38523 9.4083 7.987296451377738
3.3675939492560896 9.38520095463337 7.938607561543504
3.32739 9.42939 7.938607561543504
3.3088608222983544 9.407425831443026 7.890382375421979
3.26968 9.45014 7.890382375421979
3.2503731541851253 9.429373821796602 7.841229781875039
3.21052 9.47232 7.841229781875039
3.1899827469669675 9.452299955659324 7.791613484615392
3.14952 9.49175 7.791613484615392
3.1280565596532486 9.472809736290287 7.740606076217624
3.0897 9.51093 7.740606076217624
3.067852265999491 9.493549000459087 7.689134964107149
3.02988 9.53059 7.689134964107149
3.0069017705327354 9.514166496480044 7.637200148283967
2.97187 9.5488 7.637200148283967
2.948391455861812 9.533796772842889 7.5843379250353715
2.90976 9.56665 7.5843379250353715
2.8855215179990905 9.552908280665493 7.531475701786776
2.85218 9.58556 7.531475701786776
2.8275904393624214 9.573288428929745 7.477686071112766
2.78952 9.60308 7.477686071112766
2.7643062385579107 9.592148203129272 7.423896440438756
2.7308 9.61956 7.423896440438756
2.7050868020709657 9.610018831154013 7.368715698626625
2.66837 9.63745 7.368715698626625
2.6428453488559147 9.629550601959119 7.313071253101787
2.60898 9.65486 7.313071253101787
2.582739236392633 9.64831349356935 7.256963103864242
2.54711 9.66964 7.256963103864242
2.520917930673737 9.664646742319928 7.199927547201284
2.48664 9.68512 7.199927547201284
2.460205882395033 9.68162793122947 7.142891990538326
2.42727 9.70088 7.142891990538326
2.40106001545882 9.698928782134717 7.084929026449953
2.36499 9.71586 7.084929026449953
2.3387662730552643 9.715431320427546 7.02557495122346
2.30326 9.73154 7.02557495122346
2.2773827026898066 9.732653630966759 6.966684579709673
2.24019 9.74554 6.966684579709673
2.2144781028607863 9.748169119826088 6.9064030970577655
2.18235 9.7587 6.9064030970577655
2.156843196668285 9.762873357084489 6.846121614405858
2.11974 9.77303 6.846121614405858
2.0952207688540967 9.778576392627263 6.785376428041244
2.05918 9.78648 6.785376428041244
2.03509578333138 9.793489223978453 6.7232401305385086
1.99621 9.79792 6.7232401305385086
1.9723007734903248 9.806521589817981 6.660640129323066
1.93417 9.8096 6.660640129323066
1.9114949226437905 9.819399901196709 6.597576424394917
1.8748 9.82424 6.597576424394917
4.757358503888627 8.356344818115284 11.171086142823867
1.81281 9.83407 11.171086142823867
1.8269271023587084 9.854273376736419 11.106631326757597
1.75044 9.84517 11.106631326757597
1.7656255543940624 9.864167508884659 11.042640214404035
1.69004 9.85587 11.042640214404035
1.706152703280951 9.873575567904147 10.977721694625057
1.62599 9.86689 10.977721694625057
1.643217374476186 9.883512993427347 10.91280317484608
1.56286 9.87733 10.91280317484608
1.5810872784677807 9.892764661838955 10.84649354392898
1.50253 9.88629 10.84649354392898
1.521739937646168 9.90048298284559 10.780183913011882
1.4405 9.89781 10.780183913011882
1.4602871763949512 9.91049317523512 10.71294687466937
1.37775 9.90442 10.71294687466937
1.398010518945688 9.915561373314548 10.644782428901443
1.31672 9.91274 10.644782428901443
1.3376923255749371 9.922475521930618 10.576617983133517
1.25372 9.9226 10.576617983133517
1.2752551112139776 9.930864645183684 10.507062426227469
1.19112 9.92946 10.507062426227469
1.2128657069615356 9.936112617967911 10.437970573034129
1.12799 9.93494 10.437970573034129
1.149771684251633 9.939989388507092 10.367951312415375
1.06404 9.94233 10.367951312415375
1.0864435099814493 9.945894342944907 10.297468348083914
1.00429 9.94951 10.297468348083914
1.0261843478960972 9.951426075581942 10.226521680039745
0.942135 9.95577 10.226521680039745
0.9644360325086065 9.95613455524042 10.155111308282871
0.877396 9.96131 10.155111308282871
0.8989600312576234 9.960121378993467 10.083237232813289
0.815296 9.96635 10.083237232813289
0.8363408015721886 9.963664154591525 10.010435749918294
0.751603 9.97302 10.010435749918294
0.7727161966218753 9.968745849635916 9.937170563310591
0.690409 9.97551 9.937170563310591
0.710785545082503 9.969804636424419 9.862977969277475
0.629334 9.98003 9.862977969277475
0.6492315815501319 9.97282992975835 9.788785375244359
0.565881 9.98402 9.788785375244359
0.5848422287422733 9.975520786862283 9.713665373785828
0.501068 9.98785 9.713665373785828
0.5192892860764651 9.977978062744327 9.637154261189176
0.440237 9.98962 9.637154261189176
0.45737649115158163 9.97856091120216 9.561106852305231
0.376132 9.99217 9.561106852305231
0.39238174975283263 9.979840716365338 9.485059443421287
0.314035 9.99557 9.485059443421287
0.32901573069487045 9.982294653727074 9.408084627111927
0.252161 9.99748 9.408084627111927
0.2658114553626169 9.983366020607054 9.330182403377155
0.187708 9.99712 9.330182403377155
0.2002186570536855 9.98198650053701 9.252280179642382
0.126875 9.99878 9.252280179642382
0.13795065313908678 9.983030643987926 9.173450548482196
0.0626543 9.99981 9.173450548482196
0.07228938958965607 9.983517953248676 9.095084621034715
0.000182735 9.99918 9.095084621034715
0.008488489181299142 9.982233305858617 9.015327582449114
-0.0632376 9.99832 9.015327582449114
-0.05644841778863508 9.981120075186785 8.9346431364381
-0.125014 9.99763 8.9346431364381
-0.11963316569547724 9.979938843145044 8.853958690427085
-0.188036 9.99776 8.853958690427085
-0.18417970880379803 9.98006523899638 8.772346836990657
-0.250513 9.99645 8.772346836990657
-0.24811204378356516 9.978499764402327 8.69073498355423
-0.314748 9.99369 8.69073498355423
-0.31380162795131095 9.975278228967753 8.608659426405094
-0.376339 9.99283 8.608659426405094
-0.37688355057418077 9.975109535001268 8.52612016554325
-0.439867 9.9885 8.52612016554325
-0.44182758089284907 9.97126358128137 8.442653497255995
-0.501818 9.98726 8.442653497255995
-0.5052087520518088 9.970247039992861 8.359186828968738
-0.564266 9.9828 8.359186828968738
-0.5689578791350061 9.966495350457791 8.274792753256069
-0.627182 9.98083 8.274792753256069
-0.6330956181743326 9.96533508174663 8.189471270117984
-0.689199 9.97737 8.189471270117984
-0.6965773581403616 9.962092069588314 8.105077194405313
-0.75361 9.97112 8.105077194405313
-0.7618897757926225 9.95712706919529 8.020219414979936
-0.816728 9.96657 8.020219414979936
-0.8261318836479599 9.953374200848268 7.933970524416437
-0.879023 9.96219 7.933970524416437
-0.8893172919175958 9.950101505641067 7.848185337565646
-0.942756 9.95652 7.848185337565646
-0.9540088618608352 9.945396837660391 7.7610090395767335
-1.00462 9.94821 7.7610090395767335
-1.0165476700254843 9.938316926754993 7.674296445300528
-1.06636 9.94275 7.674296445300528
-1.079054186682638 9.933958555933073 7.586192739886202
-1.12896 9.93732 7.586192739886202
-1.1423785078685569 9.92967961317098 7.498089034471875
-1.19099 9.9269 7.498089034471875
-1.2043857295428044 9.920764451429323 7.409521625344842
-1.2538 9.92025 7.409521625344842
-1.2676859240657146 9.915323374472491 7.320954216217809
-1.31436 9.91247 7.320954216217809
-1.3286272660009457 9.908790917627268 7.232386807090776
-1.37798 9.90636 7.232386807090776
-1.3918189861724952 9.904072633351568 7.143355694251036
-1.44123 9.89563 7.143355694251036
-1.4551624236503105 9.89458629590045 7.0529334702731745
-1.50202 9.88777 7.0529334702731745
-1.5159897509505527 9.887988644457229 6.962511246295313
-1.56446 9.87787 6.962511246295313
-1.5776496649978615 9.87927432790472 6.871625318604745
-1.62484 9.86529 6.871625318604745
-1.6378477695056413 9.867885637129474 6.780739390914177
-1.6894 9.85605 6.780739390914177
-1.70175292129895 9.859707284778427 6.688926055798195
-1.74995 9.8467 6.688926055798195
-1.7622183453712288 9.851595260425789 6.596649016969506
-1.81134 9.83471 6.596649016969506
-1.8224751321891923 9.840393392551528 6.50390827442811
-1.87507 9.82261 6.50390827442811
-1.8856309539143237 9.829300169817358 6.411167531886713
-1.93522 9.81096 6.411167531886713
-1.9445561694081712 9.818167267430674 6.31796308563261
-1.99691 9.79898 6.31796308563261
-2.0057732488747444 9.807247247945666 6.2242949356658
-2.05975 9.78637 6.2242949356658
-2.0675478890545587 9.795145002632307 6.1296993782735765
-2.11916 9.77219 6.1296993782735765
-2.1259016334544967 9.78139928271019 6.035567524594059
-2.18251 9.75786 6.035567524594059
-2.1881608843371065 9.76733472895462 5.940508263489129
-2.24262 9.74434 5.940508263489129
-2.2473460672064225 9.754308313363614 5.845449002384198
-2.30295 9.73225 5.845449002384198
-2.3065786790116696 9.74226343449158 5.749462333853853
-2.36471 9.71763 5.749462333853853
-2.36728111640368 9.727629398828553 5.653939369036215
-2.42382 9.70003 5.653939369036215
-2.425417077189735 9.710174429580672 5.557025293080456
-2.48532 9.68519 5.557025293080456
-2.4859279831663685 9.695441363984202 5.460111217124697
-2.54703 9.67188 5.460111217124697
-2.5466575443478137 9.681761094852435 5.362269733743524
-2.60767 9.65225 5.362269733743524
-2.6063340864528506 9.662047453428837 5.264428250362351
-2.66913 9.63856 5.264428250362351
-3.42074065715959 6.4764026601351965 9.804087597763692
-2.72904 9.6186 9.804087597763692
-2.720605787537243 9.614973383899702 9.705782410669812
-2.7902 9.60411 9.705782410669812
-2.7821624496919632 9.59967310139268 9.607477223575932
-2.8491 9.58392 9.607477223575932
-2.842119359602735 9.579116577714963 9.508708332769345
-2.91159 9.56938 9.508708332769345
-2.905117038732899 9.563911638413662 9.409939441962758
-2.96965 9.54954 9.409939441962758
-2.964013377440945 9.543733566982333 9.310243143730757
-3.03201 9.53026 9.310243143730757
-1.0004733293999006 6.970554703552267 4.573509718428948
-3.09074 9.51147 4.573509718428948
-3.084585120018986 9.51611524802212 4.472886012771533
-3.14765 9.49291 4.472886012771533
-3.1413382239978103 9.496744224463596 4.372726010826826
-3.21027 9.47021 4.372726010826826
-3.2033123320185632 9.473534414689503 4.272102305169411
-3.26969 9.45196 4.272102305169411
-3.2627923601529485 9.454439690719031 4.170551192086582
-3.32983 9.43 4.170551192086582
-3.323086525549873 9.431675710256695 4.0680726715783395
-3.3872 9.40953 4.0680726715783395
-3.3809659659592035 9.410415391195631 3.9665215584955105
-3.44651 9.38772 3.9665215584955105
-3.439892597936105 9.387981727156538 3.8645067416999748
-3.50329 9.36543 3.8645067416999748
-3.497060869175781 9.365040271187713 3.7615645174790253
-3.56357 9.34521 3.7615645174790253
-3.5577354256264373 9.344235906059277 3.6590859969707825
-3.62254 9.32055 3.6590859969707825
-3.6168356848033745 9.318984143919918 3.5566074764625397
-3.68252 9.29801 3.5566074764625397
-3.677309673873726 9.295986808290577 3.454592659667004
-3.73795 9.27464 3.454592659667004
-3.7333123089463567 9.272270202318452 3.351650435446054
-3.79937 9.24922 3.351650435446054
-3.79532026609781 9.246593630403869 3.2477808037996905
-3.85721 9.22811 3.2477808037996905
-3.853454402323067 9.22507789709557 3.143911172153327
-3.9134 9.20175 3.143911172153327
-3.9099790209012077 9.19834484744253 3.040041540506963
-3.97091 9.17709 3.040041540506963
-3.9683073391474357 9.173896723605168 2.9357082051478924
-4.02701 9.15163 2.9357082051478924
-4.024754052926868 9.148183036053208 2.8313748697888217
-4.085 9.12517 2.8313748697888217
-4.083289729799096 9.121845861089046 2.726114127004337
-4.14344 9.10104 2.726114127004337
-4.142088451348391 9.097554567472786 2.6208533842198527
-4.20216 9.07449 2.6208533842198527
-4.2012674043116744 9.071196487803892 2.516056345148075
-4.25624 9.04723 2.516056345148075
-4.255757510650664 9.044237590121806 2.4103318986508833
-4.31558 9.02147 2.4103318986508833
-4.315415986516877 9.018443382675546 2.3046074521536917
-4.37217 8.99512 2.3046074521536917
-4.372306634344829 8.992473732183251 2.197955598231086
-4.42943 8.96611 2.197955598231086
-4.429796184644907 8.963815221767286 2.091767448021187
-4.48464 8.93958 2.091767448021187
-4.485232893937617 8.937390320850007 1.9841881866731677
-4.53945 8.90875 1.9841881866731677
-4.54003759724969 8.90724400877423 1.877536332750562
-4.59608 8.88142 1.877536332750562
-4.596824571006038 8.87998511529491 1.7708844788279565
-4.65213 8.85062 1.7708844788279565
-4.6528124506574775 8.849590327706633 1.663305217479937
-4.70909 8.82293 1.663305217479937
-4.709879063205778 8.82197955631997 1.5557259561319174
-4.76275 8.79351 1.5557259561319174
-4.763636552494817 8.792649774096208 1.448146694783898
-4.81844 8.76422 1.448146694783898
-4.819113238457136 8.763694524985038 1.3396400260104644
-4.87157 8.73324 1.3396400260104644
-4.872019002665224 8.732962086730508 1.231597060949738
-4.92695 8.69988 1.231597060949738
-4.927426352735758 8.699652124486013 1.1235540958890116
-4.98359 8.66907 1.1235540958890116
-4.983420953517464 8.669129447463 1.015047427115578
-5.03542 8.63941 1.015047427115578
-5.035245509896483 8.639450791149647 0.9065407583421445
-5.09145 8.6068 0.9065407583421445
-5.090570055045107 8.606907123359287 0.7975703858560043
-5.1431 8.57643 0.7975703858560043
-5.142920818648486 8.576432181142994 0.6890637170825707
-5.19791 8.5443 0.6890637170825707
-5.196703198274992 8.544183382451013 0.5805570483091373
-5.25187 8.51098 0.5805570483091373
-5.25030963036039 8.510655825297995 0.4711229721102899
-5.30535 8.47728 0.4711229721102899
-5.3038343693831385 8.47678734750293 0.3616888959114425
-5.35749 8.44466 0.3616888959114425
-5.35603724121374 8.44400476373835 0.25225481971259506
-5.41181 8.4089 0.25225481971259506
-5.410109142863157 8.407896243808823 0.14189333608833368
-5.46254 8.37694 0.14189333608833368
-5.460960041573109 8.375755021999963 0.03153185246407231
-5.51782 8.33992 0.03153185246407231
-5.515904851491751 8.338121973594397 -0.07790222373477508
-5.56905 8.30512 -0.07790222373477508
-5.567554546832184 8.303371308239669 -0.1878000036463295
-5.61799 8.27049 -0.1878000036463295
-5.616297420686788 8.268003167676206 -0.29816148727059094
-5.67413 8.23439 -0.29816148727059094
-5.672721611472114 8.231731880083084 -0.40852297089485234
-5.72449 8.20016 -0.40852297089485234
-5.723262971807487 8.197059830590936 -0.5184207508064067
-5.77585 8.16404 -0.5184207508064067
-5.774970390426879 8.160823956538074 -0.6283185307179612
-5.82717 8.12791 -0.6283185307179612
-5.826588778850709 8.12424031408831 -0.7391437180549296
-5.87662 8.09149 -0.7391437180549296
-5.876433133437967 8.087452911753182 -0.8495052016791911
-5.92912 8.05428 -0.8495052016791911
-5.9293789054489885 8.050246890951998 -0.9598666853034525
-5.97773 8.01556 -0.9598666853034525
-5.978554294553669 8.010883432083663 -1.0706918726404209
-6.02844 7.9766 -1.0706918726404209
-6.02977645887359 7.972043287734941 -1.1815170599773892
-6.08096 7.93928 -1.1815170599773892
-6.0829180023105165 7.934598313220374 -1.2918785436016507
-6.12864 7.90221 -1.2918785436016507
-6.131286672904204 7.897439044521641 -1.4031674346513259
-6.17699 7.86256 -1.4031674346513259
-6.180150159029142 7.858112496368876 -1.5144563257010013
-6.22798 7.8258 -1.5144563257010013
-6.231614546276902 7.821730974686809 -1.6257452167506765
-6.27639 7.78422 -1.6257452167506765
-6.280696780857824 7.7803623003561695 -1.7365704040876448
-6.3268 7.74764 -1.7365704040876448
-6.331817401905964 7.744060878223415 -1.8483229988500272
-6.37562 7.70559 -1.8483229988500272
-6.38100524836795 7.702592745490775 -1.9600755936124095
-6.42012 7.66538 -1.9600755936124095
-6.426106649811362 7.662876228450414 -2.0713644846620847
-6.47142 7.62501 -2.0713644846620847
-6.478013585994334 7.623079457190213 -2.183580783137174
-6.51833 7.58277 -2.183580783137174
-6.525098298667307 7.581589955528288 -2.295797081612263
-6.56788 7.54359 -2.295797081612263
-9.828936547484984 7.346390792789077 2.22948745069516
-6.61464 7.50153 2.22948745069516
-6.6137306059056 7.508668689420531 2.117734855932778
-6.65945 7.45833 2.117734855932778
-6.657583114902103 7.466009977663155 2.005518557457689
-6.70711 7.4176 2.005518557457689
-6.7042828605105935 7.425328760501712 1.8937659626953065
-6.75119 7.37534 1.8937659626953065
-6.747518583309204 7.382705266870109 1.7820133679329242
-6.7999 7.33313 1.7820133679329242
-6.795430109419887 7.3400398867419945 1.670260773170542
-6.84597 7.28901 1.670260773170542
-6.840309433106017 7.295925588696835 1.5580444746954525
-6.8916 7.24499 1.5580444746954525
-6.885200621986118 7.251228216541647 1.445828176220363
-6.93748 7.20368 1.445828176220363
-6.930164873437961 7.209362347660068 1.3340755814579808
-6.98077 7.15933 1.3340755814579808
-10.225878641657292 5.175637439991554 10.496397240835213
-7.02668 7.11463 10.496397240835213
-7.035878722779922 7.111922797405855 10.385108349785538
-7.07126 7.06986 10.385108349785538
-7.081077923933446 7.068124792643129 10.272892051310448
-7.11461 7.02609 10.272892051310448
-7.124885823655012 7.025444695914875 10.161139456548065
-7.1603 6.97989 10.161139456548065
-7.170258099394229 6.98037870378444 10.048923158072975
-7.20237 6.93587 10.048923158072975
-7.212908812667355 6.937584299323534 9.93624315588518
-7.24612 6.89076 9.93624315588518
-7.25671304746445 6.89373661440884 9.82402685741009
-7.28829 6.84503 9.82402685741009
-7.29878507534653 6.849296884444647 9.712274262647707
-7.33111 6.79831 9.712274262647707
-7.341063765376356 6.8037206805695565 9.600521667885324
-7.37679 6.75335 9.600521667885324
-7.386078275706564 6.759836974933833 9.488769073122942
-7.41664 6.70642 9.488769073122942
-7.425391680989518 6.714117632030498 9.377480182073267
-7.4594 6.65954 9.377480182073267
-7.467279846803407 6.668202864268699 9.264800179885471
-7.50293 6.61141 9.264800179885471
-7.5099766502310015 6.621168229556285 9.152583881410381
-7.54237 6.56646 9.152583881410381
-7.548439641253234 6.577229931630796 9.040831286647999
-7.58572 6.51831 9.040831286647999
-7.5906780946099826 6.52998970235035 8.929542395598324
-7.62407 6.46975 8.929542395598324
-7.627700283057669 6.481908091711923 8.818253504548649
-7.66487 6.4229 8.818253504548649
-7.6671855551581425 6.4357068363969745 8.70742831721168
-7.7049 6.3738 8.70742831721168
-7.705810857710829 6.3871647482590115 8.595675722449297
-7.74587 6.32585 8.595675722449297
-7.745284737428154 6.339232960267374 8.483923127686914
-7.78539 6.27686 8.483923127686914
-7.7832654465114715 6.290416261815238 8.37263423663724
-7.82452 6.2291 8.37263423663724
-7.820903040377454 6.242336448353609 8.261345345587564
-7.86333 6.1799 8.261345345587564
-7.858145066827144 6.192955832497788 8.150520158250595
-7.90249 6.13058 8.150520158250595
-7.895892920488842 6.1429822915681225 8.039694970913626
-7.93878 6.0784 8.039694970913626
-7.9306677397317165 6.090265681101432 7.929333487289364
-7.97819 6.02748 7.929333487289364
-7.968571699435934 6.038669155088846 7.818044596239689
-8.01539 5.97993 7.818044596239689
-8.004349903614001 5.99020380789545 7.707219408902721
-8.05222 5.9292 7.707219408902721
-8.040111365341575 5.9381897621544475 7.5963942215657525
-8.09164 5.87931 7.5963942215657525
-8.07832977642382 5.887069593606257 7.486032737941491
-8.1258 5.82718 7.486032737941491
-8.111716128207377 5.833426430973852 7.375671254317229
-8.16217 5.77474 7.375671254317229
-8.147173111071783 5.779495805179975 7.265773474405675
-8.19811 5.72627 7.265773474405675
-8.18230810496799 5.729427001043569 7.154948287068707
-8.23605 5.6713 7.154948287068707
-8.219671120673647 5.672718086441418 7.044586803444445
-8.27151 5.62116 7.044586803444445
-8.254748691555154 5.620757707238819 6.934689023532891
-8.30547 5.56919 6.934689023532891
-8.2888539294024 5.566951809180487 6.824791243621337
-8.34306 5.51801 6.824791243621337
-8.326473304017682 5.513884228811345 6.715357167422489
-8.3748 5.46235 6.715357167422489
-8.358763123873867 5.456437379969415 6.605923091223642
-8.4096 5.41146 6.605923091223642
-8.394013096144842 5.403685773405754 6.496952718737501
-8.44246 5.3587 6.496952718737501
-8.427811033033825 5.3492767342310374 6.38798234625136
-8.47616 5.30534 6.38798234625136
-8.462369396408151 5.294174353978641 6.279475677477927
-8.50875 5.25222 6.279475677477927
-8.496249671038042 5.239626582102357 6.1709690087044935
-8.54308 5.19794 6.1709690087044935
-8.531576024355257 5.183513980720451 6.061998636218353
-8.57572 5.14461 6.061998636218353
-8.565678839790243 5.128742976197239 5.953491967444919
-8.60665 5.09006 5.953491967444919
-8.59852965709891 5.073491610849045 5.8445215949587785
-8.63922 5.03634 5.8445215949587785
-8.632728158868902 5.018373594560229 5.736478629898052
-8.67138 4.98126 5.736478629898052
-8.666863381903816 4.962698322094409 5.628435664837325
-8.70305 4.92664 5.628435664837325
-8.70051880945525 4.9073763110681865 5.520856403489306
-8.73278 4.87398 5.520856403489306
-8.732324301328108 4.854230002155713 5.413740845853994
-8.76204 4.81854 5.413740845853994
-8.76367103664241 4.7991793089920165 5.306161584505975
-8.79314 4.76394 5.306161584505975
-8.796964570835586 4.744226332114456 5.199509730583369
-8.82338 4.70775 5.199509730583369
-8.829281355569305 4.688555468330209 5.092857876660763
-8.85107 4.65017 5.092857876660763
-8.858981078241344 4.631712728136659 4.986206022738157
-8.88049 4.59693 4.986206022738157
-8.890480487167888 4.579135486650913 4.880017872528259
-8.90962 4.53943 4.880017872528259
-8.921440231448974 4.522794595956959 4.773829722318361
-8.93932 4.48355 4.773829722318361
-8.953052732426688 4.468016886241328 4.668105275821169
-8.96539 4.42847 4.668105275821169
-8.980966491828632 4.41421540348669 4.561453421898563
-8.99432 4.37111 4.561453421898563
-9.011280861375242 4.358627280093326 4.4561926791140785
-9.02051 4.31526 4.4561926791140785
-9.039299004537261 4.304271337578432 4.350468232616887
-9.0481 4.25989 4.350468232616887
-9.067943700924005 4.250945452669077 4.244743786119695
-9.07445 4.20167 4.244743786119695
-9.095436460750104 4.194767606381113 4.13948304333521
-9.10148 4.14277 4.13948304333521
-9.123394164905847 4.138042034656434 4.034686004263433
-9.12651 4.08576 4.034686004263433
-9.148419453772494 4.083391292561187 3.9308163726170693
-9.15201 4.0285 3.9308163726170693
-9.174754206836276 4.028412990347033 3.8264830372579985
-9.17808 3.97285 3.8264830372579985
-9.200709590230131 3.975132139633617 3.722149701898928
-9.2038 3.91312 3.722149701898928
-9.225695569667785 3.917668915585185 3.6187437739652712
-9.2261 3.85432 3.6187437739652712
-9.248393593906894 3.861418185784638 3.5153378460316147
-9.25173 3.79805 3.5153378460316147
-9.27317182264922 3.807411453530203 3.411931918097958
-9.27578 3.73955 3.411931918097958
-9.296424672852334 3.7512352844845993 3.3089896938770083
-9.29819 3.68195 3.3089896938770083
-9.317524596827257 3.695694881090551 3.206047469656059
-9.32283 3.62206 3.206047469656059
-9.34060828298302 3.6376824581280465 3.10449635657323
-9.34231 3.56448 3.10449635657323
-9.358412938697104 3.581824275975208 3.0029452434904016
-9.36499 3.50546 3.0029452434904016
-9.379448108903079 3.5246075308081712 2.9018578341202796
-9.38815 3.44568 2.9018578341202796
-9.400969071710113 3.4667933706435585 2.800306721037451
-9.41058 3.38638 2.800306721037451
-9.421028813319952 3.4083398721029914 2.699683015380036
-9.43007 3.32669 2.699683015380036
-9.438260003435742 3.3495884175500734 2.5990593097226213
-9.45071 3.26791 2.5990593097226213
-9.45671512565057 3.2921481393656014 2.4993630114906202
-9.47287 3.20704 2.4993630114906202
-9.476386344020831 3.2314328343767094 2.3992030095459125
-9.49085 3.15104 2.3992030095459125
-9.491940025629418 3.176368783169814 2.2985793038884976
-9.51085 3.09063 2.2985793038884976
-9.50939331810947 3.1158849684179937 2.1993467093692036
-9.5308 3.031 2.1993467093692036
-9.526797559087123 3.0563083931682202 2.1005778185626167
-9.54761 2.96821 2.1005778185626167
-8.716912463845158 6.146898097224266 6.6388460548258355
-9.56802 2.91009 6.6388460548258355
-9.544430492684151 2.8992788521949038 6.540540867731956
-9.58296 2.84963 6.540540867731956
-9.560545465302582 2.836555811437555 6.442235680638076
-9.603 2.78965 6.442235680638076
-9.581712773733427 2.77424792960186 6.344394197256903
-9.6189 2.72969 6.344394197256903
-9.599219141534757 2.7122821401446187 6.2465527138757295
-9.63614 2.67094 6.2465527138757295
-9.618031855905745 2.6514540711615715 6.149174934207264
-9.65468 2.60856 6.149174934207264
-9.638354502144436 2.5871466050398557 6.052260858251505
-9.66971 2.5456 6.052260858251505
-9.655533121775276 2.522707392290249 5.955346782295746
-9.68582 2.48721 5.955346782295746
-9.673780785540547 2.462760577388766 5.858896410052694
-9.70222 2.42612 5.858896410052694
-9.692591242007728 2.400624824567192 5.762446037809641
-9.71576 2.36627 5.762446037809641
-9.708645663304278 2.3400194198313486 5.66738677670471
-9.73157 2.30205 5.66738677670471
-9.726924365228532 2.2749213639188732 5.572791219312486
-9.74517 2.24297 5.572791219312486
-9.743107557940645 2.2155238499821217 5.478195661920262
-9.75988 2.1827 5.478195661920262
-9.760425578341549 2.154855830723074 5.384063808240745
-9.77385 2.11992 5.384063808240745
-9.777047309118341 2.0919265050162887 5.290395658273935
-9.78586 2.0602 5.290395658273935
-9.791728681764036 2.0323092707506283 5.197191212019832
-9.79699 1.99738 5.197191212019832
-9.805428987270266 1.9701565230442257 5.103986765765729
-9.81185 1.93679 5.103986765765729
-9.82291111516937 1.9101690661361623 5.0112460232243325
-9.82468 1.87367 5.0112460232243325
-9.838158889451995 1.8481878115595654 4.918505280682936
-9.83378 1.81225 4.918505280682936
-8.065031347112983 4.516169333011863 0.1901185222098567
-9.84573 1.75031 0.1901185222098567
-9.8219068767844 1.734176281197412 0.09876889080658151
-9.85649 1.68643 0.09876889080658151
-9.834237967104984 1.6681903422678568 0.007419259403306358
-9.86629 1.62723 0.007419259403306358
-9.84556240841239 1.606807715618559 -0.08346666828726186
-9.87684 1.56427 -0.08346666828726186
-9.857841016710925 1.541801831744691 -0.17388889226512314
-9.88797 1.50094 -0.17388889226512314
-9.870890340369558 1.476581122681465 -0.26384741253027744
-9.89499 1.43812 -0.26384741253027744
-9.88016773689263 1.412325229334474 -0.35380593279543165
-9.9041 1.37842 -0.35380593279543165
-9.891518638360514 1.3511018508806503 -0.44330074934787883
-9.9117 1.31518 -0.44330074934787883
-9.901738459929224 1.2872058856357755 -0.5318681584749122
-9.91978 1.25258 -0.5318681584749122
-9.912168334253968 1.2232032940649193 -0.6195081601765315
-9.92914 1.18936 -0.6195081601765315
-9.924128827312968 1.1594298069614268 -0.7071481618781509
-9.93482 1.12769 -0.7071481618781509
-9.932422303360424 1.0971110754591658 -0.7943244598670632
-9.94314 1.06571 -0.7943244598670632
-9.909381383923566 4.847538171582109 8.392573496283642
-9.94994 1.00303 8.392573496283642
-9.942539531294914 1.0324036118761366 8.306324605720144
-9.95708 0.941427 8.306324605720144
-9.947070164383337 0.9703620035090651 8.220539418869352
-9.96128 0.879459 8.220539418869352
-9.948695244933084 0.9077277624532961 8.135217935731268
-9.96595 0.816196 8.135217935731268
-9.950844543487179 0.843574905310895 8.05036015630589
-9.97106 0.754438 8.05036015630589
-9.953507273177047 0.780709160299207 7.96596608059322
-9.97544 0.691177 7.96596608059322
-9.955973024253451 0.7155770372254989 7.882499412305964
-9.97996 0.627094 7.882499412305964
-9.958302731523473 0.6500231179633147 7.799496447731414
-9.9838 0.568111 7.799496447731414
-9.960316292302508 0.589165624224116 7.716493483156865
-9.98789 0.50211 7.716493483156865
-9.96248163052806 0.5213418949791897 7.633954222295022
-9.99081 0.440407 7.633954222295022
-9.963949227765903 0.4574489967869403 7.5528060725712995
-9.9936 0.377065 7.5528060725712995
-9.965446209396513 0.39187360608406624 7.471657922847578
-9.99501 0.314068 7.471657922847578
-9.965097914967131 0.32682317023455915 7.39004606941115
-9.99521 0.251011 7.39004606941115
-9.964410107943554 0.26126777718628563 7.309825327112842
-9.9975 0.18889 7.309825327112842
-9.965977235066061 0.1966456508339122 7.229604584814534
-9.99816 0.125967 7.229604584814534
-9.966171682305168 0.13116277739356838 7.150774953654347
-9.99892 0.0625735 7.150774953654347
-9.966621863172007 0.06523412569881766 7.07194532249416
-10.0017 -0.000499937 7.07194532249416
-9.96896666445465 -0.00038989195856451776 6.99357939504668
-10.0003 -0.0634908 6.99357939504668
-9.96733344413284 -0.06596807318142038 6.915677171311907
-9.99725 -0.127444 6.915677171311907
-9.964630854939106 -0.13247091091343285 6.839166058715255
-9.99654 -0.189377 6.839166058715255
-9.964400523204649 -0.19688249726242782 6.762654946118603
-9.99886 -0.250839 6.762654946118603
-9.96738824260796 -0.2607791682325666 6.686143833521951
-9.99629 -0.313376 6.686143833521951
-9.96536767445485 -0.3258143298077411 6.610096424638007
-9.99163 -0.380517 6.610096424638007
-9.961449722440573 -0.39541295407515437 6.534512719466769
-9.98959 -0.438359 6.534512719466769
-9.960948880446736 -0.45529731088603553 6.4598564217209455
-9.98712 -0.503636 6.4598564217209455
-9.95955460938725 -0.5228497877151569 6.385663827687829
-9.9846 -0.562893 6.385663827687829
-9.958534655309341 -0.5840972025116188 6.311471233654712
-9.9801 -0.628354 6.311471233654712
-9.955441182366686 -0.6516558439643596 6.237742343334301
-9.97798 -0.691242 6.237742343334301
-9.954665047574077 -0.7167784335702487 6.164940860439305
-9.97284 -0.753503 6.164940860439305
-9.951881864789138 -0.7801120521073518 6.092603081257017
-9.96614 -0.815857 6.092603081257017
-9.946977170829024 -0.8441812011417325 6.020729005787435
-9.96107 -0.877237 6.020729005787435
-9.943827864079493 -0.907146613434354 5.9493186340305595
-9.95582 -0.941629 5.9493186340305595
-9.940779972431544 -0.9726428628831696 5.879299373411805
-9.94986 -1.00182 5.879299373411805
-9.937026619478965 -1.0338100994777797 5.809280112793051
-9.94268 -1.06605 5.809280112793051
-9.93201625209079 -1.0991698568963415 5.739724555887004
-9.9367 -1.12783 5.739724555887004
-9.928363850191966 -1.161610897659525 5.670168998980957
-9.9293 -1.19185 5.670168998980957
-9.923397160304258 -1.2257529587137153 5.601540849500323
-9.91957 -1.25325 5.601540849500323
-9.91597216571142 -1.2878021633443142 5.533376403732397
-9.91382 -1.31496 5.533376403732397
-9.91257232755211 -1.3500027527783047 5.465675661677178
-9.90492 -1.37694 5.465675661677178
-9.90604401931066 -1.4119316250290777 5.3993660307600795
-9.89673 -1.44051 5.3993660307600795
-9.900170130825543 -1.4753502460021375 5.333056399842981
-9.88494 -1.50106 5.333056399842981
-9.890734578413777 -1.5359173004324809 5.26721047263859
-9.8775 -1.56456 5.26721047263859
-9.885650073814292 -1.5992778433699182 5.201828249146906
-9.86728 -1.62621 5.201828249146906
-9.877569774060015 -1.6599564840350505 5.1373734330806355
-9.8574 -1.68804 5.1373734330806355
-9.869956986255893 -1.7213586810561243 5.073382320727072
-9.84642 -1.74938 5.073382320727072
-9.860924933324911 -1.7814800585543673 5.010318615798923
-9.83493 -1.81223 5.010318615798923
-9.851581793500257 -1.8436401314325235 4.94771861458348
-9.82123 -1.87327 4.94771861458348
-9.839984572775641 -1.9038547812640876 4.885582317080745
-9.81038 -1.93576 4.885582317080745
-9.830997581880988 -1.9651211675917304 4.82344601957801
-9.79917 -1.99783 4.82344601957801
-9.821536495737485 -2.0258110463592756 4.762700833213396
-9.78701 -2.06049 4.762700833213396
-9.811033911241156 -2.087061615976676 4.7019556468487815
-9.77166 -2.1197 4.7019556468487815
-9.797213209285598 -2.1447254857420717 4.642601571622288
-9.75767 -2.17994 4.642601571622288
-9.784908720314364 -2.203619490307514 4.583711200108501
-9.74362 -2.2411 4.583711200108501
-9.772205189075338 -2.2631352697082416 4.524820828594715
-9.72939 -2.30453 4.524820828594715
-9.759176855851168 -2.3248135349066104 4.467321568219049
-9.7174 -2.36474 4.467321568219049
-9.748909766475405 -2.383642056900118 4.409358604130676
-9.70082 -2.42424 4.409358604130676
-9.733034092943116 -2.4411080756221564 4.352323047467718
-9.68615 -2.48608 4.352323047467718
-9.718925973509888 -2.5009269750125207 4.296214898230173
-9.67064 -2.54772 4.296214898230173
-9.704501007936742 -2.560823220779688 4.240570452705335
-9.65294 -2.60773 4.240570452705335
-9.687787430087946 -2.6190302895743676 4.1853897108932046
-9.63838 -2.67055 4.1853897108932046
-9.674112791028596 -2.6799944574522168 4.130672672793781
-9.62051 -2.73032 4.130672672793781
-9.656651687458558 -2.737784923295311 4.077346745832479
-9.60322 -2.78981 4.077346745832479
-9.639708197715969 -2.7953379362873934 4.024020818871176
-9.58376 -2.85047 4.024020818871176
-9.620435949321228 -2.854039877723389 3.9720860030479943
-9.56885 -2.91092 3.9720860030479943
-9.605336166085053 -2.9125664666711817 3.9196874835121056
-9.54734 -2.9717 3.9196874835121056
-9.583807040215891 -2.971433664309104 3.8686800751143378
-9.53083 -3.03065 3.8686800751143378
-9.567561459810825 -3.028505730503259 3.818136370429277
-9.51078 -3.08956 3.818136370429277
-9.54735621830647 -3.085562715183225 3.7675926657442163
-9.4903 -3.14891 3.7675926657442163
-9.526949405908866 -3.1430181682904945 3.7175126647718626
-9.47067 -3.20903 3.7175126647718626
-9.506924442494386 -3.201322416107776 3.66882377493763
-9.45181 -3.26893 3.66882377493763
-9.487961531538417 -3.259383832932162 3.6205985888161036
-9.42998 -3.32839 3.6205985888161036
-9.465265805320364 -3.317227190267881 3.5733008101199917
-9.40686 -3.38635 3.5733008101199917
-9.441578564823063 -3.373531355966837 3.5260030314238797
-9.38805 -3.44452 3.5260030314238797
-9.422072772463569 -3.4300957713266356 3.4800963638658886
-9.36432 -3.50571 3.4800963638658886
-9.397644992870353 -3.48973964405155 3.4341896963078975
-9.34232 -3.56295 3.4341896963078975
-9.374541096935213 -3.545647542003028 3.3892104361753206
-9.32033 -3.62207 3.3892104361753206
-9.351740519266347 -3.6033362491779184 3.3442311760427432
-9.29695 -3.68071 3.3442311760427432
-9.327758582118388 -3.660403453272151 3.299715619622873
-9.27556 -3.73987 3.299715619622873
-9.305698327289383 -3.7180212297778588 3.25566376691571
-9.25088 -3.79765 3.25566376691571
-9.279983635001248 -3.77452959376016 3.2130030253466675
-9.22366 -3.85575 3.2130030253466675
-9.251462977458754 -3.8316590958950285 3.1712696912030394
-9.20175 -3.91358 3.1712696912030394
-9.228760909269043 -3.8881265351883223 3.130000060772118
-9.17653 -3.9725 3.130000060772118
-9.202467753355771 -3.945953794219986 3.0887304303411964
-9.15452 -4.02919 3.0887304303411964
-9.179558429607637 -4.001353898698066 3.047924503622982
-9.1264 -4.08784 3.047924503622982
-9.150246760072108 -4.059048214154331 3.0085096880428885
-9.10022 -4.14254 3.0085096880428885
-9.122913710046667 -4.112830903372244 2.969094872462795
-9.07354 -4.20104 2.969094872462795
-9.095013607897979 -4.170504961442728 2.931071168020823
-9.05022 -4.25538 2.931071168020823
-9.07048725160797 -4.224097120363375 2.8944385747169714
-9.02239 -4.31417 2.8944385747169714
-9.041665045346818 -4.28188594084966 2.858269685125827
-8.99394 -4.37218 2.858269685125827
-9.01169465553745 -4.339840012920312 2.8225644992473895
-8.96653 -4.42798 2.8225644992473895
-8.983265456144258 -4.394735657676628 2.787323017081659
-8.93747 -4.48521 2.787323017081659
-8.953023727416426 -4.451396639440521 2.7520815349159284
-8.90933 -4.54086 2.7520815349159284
-8.923661364770291 -4.506570619311811 2.7182311638883188
-8.88129 -4.59604 2.7182311638883188
-8.894568124247519 -4.560980382527799 2.684844496573416
-8.85053 -4.65073 2.684844496573416
-8.862507358963304 -4.615607550139106 2.6523852366839273
-8.82023 -4.70664 2.6523852366839273
-8.831156348479196 -4.670835556214872 2.6203896805071456
-8.79316 -4.76193 2.6203896805071456
-8.802935368575557 -4.725794346483519 2.588394124330364
-8.76257 -4.81558 2.588394124330364
-8.77117166057393 -4.779203926012238 2.557789679291703
-8.73347 -4.87375 2.557789679291703
-8.740954536814932 -4.837127752225483 2.527185234253042
-8.70267 -4.92727 2.527185234253042
-8.709020996384686 -4.890490354564322 2.4979719003525025
-8.66882 -4.9799 2.4979719003525025
-8.67409398330478 -4.942950540280629 2.468758566451963
-8.64053 -5.03589 2.468758566451963
-8.64471625983086 -4.998857190699857 2.440936343689544
-8.60831 -5.09066 2.440936343689544
-8.61149202878885 -5.053200254906111 2.4135778246398325
-8.57551 -5.14593 2.4135778246398325
-8.5776442564384 -5.108777866002254 2.3871467130155346
-8.54498 -5.19788 2.3871467130155346
-8.546141741359886 -5.160358612778344 2.361179305103944
-8.51024 -5.25217 2.361179305103944
-8.510426850449276 -5.21468638126106 2.336603008330474
-8.47692 -5.30617 2.336603008330474
-8.476192064273157 -5.269019028164429 2.311563007844297
-8.44351 -5.35787 2.311563007844297
-8.44183758510888 -5.320423242926944 2.286986711070827
-8.41073 -5.4117 2.286986711070827
-8.408141703164294 -5.374360799905488 2.2638015254354777
-8.37357 -5.46369 2.2638015254354777
-8.370116760079904 -5.426420840118645 2.2406163398001286
-8.34281 -5.51716 2.2406163398001286
-8.338500048553872 -5.48003582818957 2.2188222653029004
-8.30514 -5.56939 2.2188222653029004
-8.300029619717003 -5.53242333109636 2.1984193019437934
-8.26775 -5.62087 2.1984193019437934
-8.261886506093317 -5.584015284756568 2.1780163385846865
-8.23515 -5.67355 2.1780163385846865
-8.228535833245562 -5.6368225797991105 2.1576133752255795
-8.20083 -5.7225 2.1576133752255795
-8.193478819891109 -5.685969360224818 2.1386015230045934
-8.16254 -5.77464 2.1386015230045934
-8.15442530218359 -5.737937418131121 2.1200533744963144
-8.12512 -5.8266 2.1200533744963144
-8.116415170073683 -5.790424919699328 2.102432633413449
-8.0907 -5.87718 2.102432633413449
-8.081359122684228 -5.841163913180665 2.084811892330584
-8.05272 -5.92817 2.084811892330584
-8.04276079495871 -5.892377349166348 2.0685822623858394
-8.01496 -5.97925 2.0685822623858394
-8.0044212305852 -5.94362369008758 2.052352632441095
-7.97739 -6.02815 2.052352632441095
-7.966290982232067 -5.99275216594467 2.0375141136344714
-7.93966 -6.07904 2.0375141136344714
-7.928054293017441 -6.043863249700358 2.024066705965969
-7.90058 -6.13027 2.024066705965969
-7.888502320502593 -6.095252492176537 2.010619298297467
-7.86173 -6.17912 2.010619298297467
-7.849072109627302 -6.1439613569446925 1.9976355943416715
-7.82523 -6.22693 1.9976355943416715
-7.81236489064805 -6.192600930509993 1.985115594098583
-7.78313 -6.27692 1.985115594098583
-7.769856157155781 -6.242806208659158 1.9739867049936155
-7.74401 -6.32622 1.9739867049936155
-7.730235757027495 -6.291953581245271 1.963321519601355
-7.7046 -6.37543 1.963321519601355
-7.690482254564221 -6.341363503700917 1.9540474453472154
-7.66602 -6.42341 1.9540474453472154
-7.651586930995167 -6.389475895836391 1.944773371093076
-7.62386 -6.4702 1.944773371093076
-7.608982484698269 -6.4361024269142035 1.9359630005516433
-7.5842 -6.518 1.9359630005516433
-7.569178199182934 -6.484382918009417 1.9280800374356246
-7.54309 -6.5659 1.9280800374356246
-7.527961951025884 -6.532749233624411 1.92112448174502
-7.50175 -6.61272 1.92112448174502
-7.486254344046926 -6.579379645240089 1.9146326297671221
-7.45987 -6.65869 1.9146326297671221
-7.44432116588889 -6.625795638815643 1.9090681852146383
-7.41782 -6.70671 1.9090681852146383
-7.401947421991213 -6.673608732707179 1.9039674443748615
-7.37619 -6.7551 1.9039674443748615
-7.360148788219828 -6.722080124869112 1.8988667035350848
-7.33241 -6.79807 1.8988667035350848
-7.316368920226699 -6.765474460810453 1.894693370120722
-7.29054 -6.84556 1.894693370120722
-7.274242488301548 -6.81278931005855 1.8923748515571872
-7.24528 -6.88961 1.8923748515571872
-7.228906552720499 -6.856877184187955 1.8900563329936524
-7.20324 -6.93541 1.8900563329936524
-7.186962060901417 -6.903055822488748 1.8886652218555315
-7.15813 -6.98252 1.8886652218555315
-7.14183198366923 -6.950237848888654 1.8886652218555315
-7.11636 -7.02809 1.8886652218555315
-7.100061983669231 -6.995807848888654 1.8886652218555315
-7.07014 -7.07021 1.8886652218555315
-7.053866898928777 -7.037977199567738 1.8900563329936524
-7.02732 -7.11658 1.8900563329936524
-7.011091754067778 -7.084324593071182 1.8914474441317732
-6.98205 -7.16154 1.8914474441317732
-6.966037522395886 -7.129602875255509 1.893765962695308
-6.93657 -7.20354 1.893765962695308
-6.920486184281599 -7.171274091487723 1.89654818497155
-6.89317 -7.2491 1.89654818497155
-6.877345158448175 -7.217131161123074 1.9002578146732059
-6.84629 -7.29018 1.9002578146732059
-6.830440328726316 -7.257859994566408 1.9044311480875686
-6.79968 -7.33291 1.9044311480875686
-6.7841317908360885 -7.300867146398836 1.9095318889273454
-6.75349 -7.37453 1.9095318889273454
-6.7382701252063155 -7.342752116857439 1.915560037192536
-6.70718 -7.41663 1.915560037192536
-6.6920129268010005 -7.384466102785311 1.922051889170434
-6.66072 -7.45929 1.922051889170434
-6.645785302220709 -7.427078473700055 1.9299348522864526
-6.6132 -7.50307 1.9299348522864526
-6.598519685891541 -7.4707417460723935 1.9378178154024712
-6.5657 -7.54172 1.9378178154024712
-6.5514298813328296 -7.509625408262216 1.9466281859439039
-6.51901 -7.5828 1.9466281859439039
-6.5050231967587475 -7.550580930480837 1.9554385564853365
-6.46982 -7.62633 1.9554385564853365
-6.456139164744535 -7.594039856751662 1.96564003816489
-6.42189 -7.6654 1.96564003816489
-6.408415176592108 -7.6326705399104275 1.9763052235571505
-6.37247 -7.70432 1.9763052235571505
-6.359607261694508 -7.672105516760573 1.987434112662118
-6.32654 -7.74659 1.987434112662118
-6.3139190590568335 -7.7139302990643035 1.9990267054797926
-6.27559 -7.78547 1.9990267054797926
-6.263481807985219 -7.753023391244189 2.011546705722881
-6.22846 -7.82382 2.011546705722881
-6.216648840016299 -7.790917531413685 2.0245304096786767
-6.17705 -7.86406 2.0245304096786767
-6.165685020677289 -7.831059226971452 2.038905224772593
-6.13072 -7.90107 2.038905224772593
-6.120051214100646 -7.868581217016223 2.0537437435792167
-6.07957 -7.94 2.0537437435792167
-6.069287359230566 -7.9070453052961245 2.069045966098547
-6.02905 -7.97672 2.069045966098547
-6.019380804887144 -7.9439774768066345 2.0852755960432914
-5.97906 -8.01564 2.0852755960432914
-6.990268361785549 -11.656384784822839 11.376970591265774
-5.92931 -8.05299 11.376970591265774
-5.942708894898546 -8.084331091781891 11.39459133234864
-5.8788 -8.09115 11.39459133234864
-5.891623757203484 -8.12267110470262 11.413603184569626
-5.82868 -8.12627 11.413603184569626
-5.841019281287013 -8.158333427629204 11.43307874050332
-5.77567 -8.16263 11.43307874050332
-5.787493660812699 -8.195234099292588 11.453018000149719
-5.72255 -8.20092 11.453018000149719
-5.7334934426812945 -8.233083804768592 11.473420963508826
-5.67303 -8.23409 11.473420963508826
-5.683298237852811 -8.266417684161596 11.495215038006053
-5.62014 -8.26891 11.495215038006053
-5.629701303153499 -8.301453775961935 11.517009112503281
-5.56883 -8.30721 11.517009112503281
-5.577665403259964 -8.339901042053592 11.54019429813863
-5.51526 -8.34095 11.54019429813863
-4.745926624003283 -5.207740255342478 6.9258786529914635
-5.46355 -8.37528 6.9258786529914635
-5.430407647295335 -8.380041942489505 6.949991246052226
-5.40924 -8.40856 6.949991246052226
-5.37604736508702 -8.412514946762593 6.97549495025111
-5.35834 -8.44511 6.97549495025111
-5.325057304534643 -8.448217217231159 7.000998654449994
-5.30493 -8.477 7.000998654449994
-5.271959285909644 -8.479231718630425 7.027429766074292
-5.25077 -8.51066 7.027429766074292
-5.217426116326497 -8.512032999539748 7.054324581411296
-5.19785 -8.54293 7.054324581411296
-5.1651884277962585 -8.54339574930321 7.081683100461008
-5.14505 -8.57525 7.081683100461008
-5.112769142269146 -8.574827108521678 7.109969026936134
-5.0894 -8.60634 7.109969026936134
-5.056818312955964 -8.604990818389908 7.138718657123967
-5.03552 -8.63978 7.138718657123967
-5.003045707747843 -8.637498667645362 7.1688593984499205
-4.98204 -8.67129 7.1688593984499205
-4.949649208136239 -8.668031052772847 7.199000139775874
-4.92701 -8.7028 7.199000139775874
-4.895110159554478 -8.698615980812484 7.230068288527242
-4.87268 -8.73289 7.230068288527242
-4.840603781902031 -8.727664677753477 7.261600140991317
-4.81627 -8.76426 7.261600140991317
-4.784428720220398 -8.7580366247082 7.294523104593512
-4.76248 -8.79326 7.294523104593512
-4.730860830331848 -8.785991877304138 7.327446068195708
-4.70658 -8.82317 7.327446068195708
-4.675585772123636 -8.814962603981408 7.3612964392233176
-4.64979 -8.85175 7.3612964392233176
-4.619456345990496 -8.842608354372965 7.396074217676341
-4.59523 -8.88212 7.396074217676341
-4.56492389377682 -8.871824299807704 7.431315699842072
-4.54098 -8.91108 7.431315699842072
-4.51141192853865 -8.899858165858316 7.467484589433217
-4.48486 -8.93842 7.467484589433217
-4.455717059527963 -8.926136294040877 7.503653479024361
-4.42665 -8.96679 7.503653479024361
-4.398316057528003 -8.953621183186202 7.5407497760409194
-4.37053 -8.99266 7.5407497760409194
-4.3430435023403495 -8.978622805630366 7.578773480482892
-4.31413 -9.02097 7.578773480482892
-4.286912518980769 -9.005738874362564 7.6172608886375714
-4.25874 -9.04852 7.6172608886375714
-4.232454037876109 -9.032451734417618 7.6566757042176645
-4.20302 -9.07542 7.6566757042176645
-4.17770482980692 -9.058539942229444 7.697017927223172
-4.14156 -9.1017 7.697017927223172
-4.116946221524057 -9.083812683225842 7.737360150228679
-4.08768 -9.12622 7.737360150228679
-4.064106799913692 -9.10759092635641 7.7786297806596005
-4.03041 -9.15278 7.7786297806596005
-4.007378266295155 -9.132981710001719 7.820363114803229
-3.97058 -9.17704 7.820363114803229
-3.9486728335991974 -9.156558417668892 7.863023856372271
-3.91369 -9.20123 7.863023856372271
-3.892676259911267 -9.17983275994476 7.905684597941313
-3.85605 -9.22686 7.905684597941313
-3.835749640712807 -9.20434392970116 7.948809043223062
-3.79663 -9.25136 7.948809043223062
-3.777562063606993 -9.228283603485355 7.992860895930225
-3.74077 -9.27321 7.992860895930225
-3.7227367911764286 -9.249316284217095 8.036912748637388
-3.68179 -9.29827 8.036912748637388
-3.6648578355671457 -9.27365087502738 8.082355712482672
-3.62321 -9.3201 8.082355712482672
-3.607586030848286 -9.295013811487577 8.127334972615248
-3.56626 -9.34273 8.127334972615248
-3.5519666156388343 -9.31729903172051 8.17324164017324
-3.50414 -9.36419 8.17324164017324
-3.490882205926024 -9.337838689783194 8.219612011443937
-3.44674 -9.38753 8.219612011443937
-3.4348733231000415 -9.360940631701709 8.26690979014005
-3.38524 -9.40809 8.26690979014005
-3.3747824921324296 -9.38132443152298 8.315134976261575
-3.33007 -9.42879 8.315134976261575
-3.3208110688770884 -9.401242434279004 8.363823866095808
-3.26925 -9.45083 8.363823866095808
-3.2614465072429106 -9.423231332671024 8.413440163355455
-3.21041 -9.47039 8.413440163355455
-3.2039848924167553 -9.442438275006912 8.463056460615102
-3.15023 -9.48969 8.463056460615102
-3.1453231504871106 -9.462150295346591 8.513136461587456
-3.08921 -9.51028 8.513136461587456
-3.0856948750557294 -9.48258403418141 8.56460757369793
-3.02934 -9.53124 8.56460757369793
-3.027230091425987 -9.50307479481471 8.616542389521113
-2.97109 -9.5482 8.616542389521113
-2.970461183786539 -9.520670304219504 8.668940909057001
-2.91029 -9.56507 8.668940909057001
-2.911113537104525 -9.537219315149997 8.721803132305597
-2.84939 -9.58505 8.721803132305597
-2.8516525606806664 -9.557661703812618 8.775592762979606
-2.79016 -9.60289 8.775592762979606
-2.7938917843376503 -9.575662959497244 8.829382393653615
-2.73187 -9.61968 8.829382393653615
-2.737049772423201 -9.592747261403096 8.884563135465745
-2.67055 -9.63681 8.884563135465745
-2.6771147567548486 -9.61057379619888 8.94067128470329
-2.6063 -9.65521 8.94067128470329
-2.614325718715946 -9.629383225903402 8.996779433940835
-2.54805 -9.66994 8.996779433940835
-2.5573780397782797 -9.64496111308032 9.053814990603794
-2.48587 -9.68546 9.053814990603794
-2.4966067839952846 -9.661053472445063 9.110850547266752
-2.4249 -9.70122 9.110850547266752
-2.4368374408144273 -9.677804875665315 9.168813511355125
-2.36598 -9.71512 9.168813511355125
-2.37941847878019 -9.692154388079981 9.227240179156205
-2.30421 -9.73142 9.227240179156205
-2.318543703414261 -9.709912818129995 9.287521661808112
-2.24224 -9.74512 9.287521661808112
-2.257843367731131 -9.724515416990277 9.34780314446002
-2.18126 -9.75831 9.34780314446002
-2.198076348806616 -9.738682867291129 9.408084627111927
-2.11969 -9.77248 9.408084627111927
-2.1373931827896926 -9.754175676045536 9.469293517189248
-2.05968 -9.78569 9.469293517189248
-2.0781883929726885 -9.768760200742783 9.531429814691984
-1.99899 -9.79572 9.531429814691984
-2.0185139530146556 -9.779972175642245 9.59356611219472
-1.9358 -9.81144 9.59356611219472
-1.9562641568963686 -9.796934932063516 9.655702409697456
-1.87356 -9.82213 9.655702409697456
-1.8945612326161378 -9.809124407926657 9.718766114625605
-1.81228 -9.83559 9.718766114625605
-1.8340103807917554 -9.823959885589334 9.783220930691876
-1.75035 -9.84637 9.783220930691876
-1.7724876371672473 -9.836298682969488 9.847212043045438
-1.6891 -9.85445 9.847212043045438
-1.7117846807211847 -9.845834569891979 9.912594266537122
-1.62744 -9.8651 9.912594266537122
-1.6506391060858447 -9.85798509647388 9.977976490028805
-1.56489 -9.87573 9.977976490028805
-5.298780458749831 -8.992796389374163 0.7706755705189927
-1.50287 -9.88603 0.7706755705189927
-1.4793694562172757 -9.88637601393895 0.837912608861505
-1.44008 -9.89595 0.837912608861505
-1.416609309637049 -9.894716315430852 0.9051496472040171
-1.37829 -9.90467 0.9051496472040171
-1.3553337645162422 -9.90190774011053 0.9733140929719433
-1.31555 -9.91284 0.9733140929719433
-1.2928352178384233 -9.908520567324887 1.0414785387398695
-1.25333 -9.9222 1.0414785387398695
-1.2310156527427611 -9.916357459328859 1.1110340956459166
-1.19128 -9.92961 1.1110340956459166
-1.1697345132412598 -9.922335036260373 1.1801259488392568
-1.12862 -9.93817 1.1801259488392568
-1.1076791915979096 -9.92944621965059 1.2506089131707179
-1.06592 -9.94143 1.2506089131707179
-1.04593689304187 -9.931399370436841 1.3206281737894718
-1.00481 -9.94963 1.3206281737894718
-0.9859055678441803 -9.938420349679983 1.3915748418336398
-0.942479 -9.95455 1.3915748418336398
-0.9244621790164361 -9.942059964342599 1.4639126210159288
-0.876143 -9.96115 1.4639126210159288
-0.8593297896507447 -9.947595066516998 1.535786696485511
-0.81545 -9.96657 1.535786696485511
-0.7999324746957419 -9.952102662746631 1.608588179380507
-0.754174 -9.97063 1.608588179380507
-0.7395282616903686 -9.954833235068707 1.68185336598821
-0.690284 -9.97564 1.68185336598821
-0.6770719249275674 -9.9591113631745 1.756045960021327
-0.628376 -9.97927 1.756045960021327
-0.6164254491677614 -9.96180749451439 1.830238554054444
-0.56414 -9.98447 1.830238554054444
-0.5537081358862306 -9.966499439894957 1.9053585555129748
-0.502701 -9.9884 1.9053585555129748
-0.4936472348581316 -9.969697215284 1.9804785569715055
-0.43955 -9.9908 1.9804785569715055
-0.43206530124944703 -9.971825151210428 2.0565259658554504
-0.377548 -9.9917 2.0565259658554504
-0.37163908206167073 -9.972575622895988 2.133500782164809
-0.315094 -9.99483 2.133500782164809
-1.0307006420821523 -13.154945213736426 -2.42702523230835
-0.252261 -9.99665 -2.42702523230835
-0.27222723088571654 -9.995233407243907 -2.3500504159989912
-0.185877 -9.9986 -2.3500504159989912
-0.20551178525780064 -9.998720639095426 -2.2721481922642184
-0.123346 -9.99934 -2.2721481922642184
-0.14253192809857043 -10.000956313784178 -2.193318561104032
-0.0621449 -9.99938 -2.193318561104032
-0.08114396572040436 -10.002502148139374 -2.114488929943845
0.000995617 -10.0006 -2.114488929943845
-0.017328402947584413 -10.005117331934043 -2.0347318913582444
0.0631996 -10.0004 -2.0347318913582444
0.045293737567747544 -10.006362892368562 -1.9549748527726438
0.125316 -9.99874 -1.9549748527726438
0.10829312435026882 -10.0059616420081 -1.874290406761629
0.18851 -9.99683 -1.874290406761629
0.1724623901937961 -10.005223436023046 -1.7926785533252003
0.249437 -9.9969 -1.7926785533252003
0.23412704675995555 -10.006573721132677 -1.7110666998887716
0.314721 -9.99582 -1.7110666998887716
0.30025061860130137 -10.006709610229082 -1.629454846452343
0.375504 -9.9918 -1.629454846452343
0.3622544533443986 -10.003579682870102 -1.5469155855905006
0.438992 -9.99135 -1.5469155855905006
0.4267587432223173 -10.004181946216784 -1.464376324728658
0.501182 -9.98819 -1.464376324728658
0.4902877614795015 -10.001690132397123 -1.3809096564414016
0.56578 -9.98534 -1.3809096564414016
0.5560491909879665 -9.99970138446156 -1.2974429881541452
0.626913 -9.97983 -1.2974429881541452
0.6186001776243625 -9.994620277572205 -1.2130489124414747
0.690615 -9.97614 -1.2130489124414747
0.6837366178724188 -9.99123142905418 -1.1277274293033903
0.754745 -9.97045 -1.1277274293033903
0.7492871268025179 -9.985765626655208 -1.0428696498780128
0.81463 -9.96636 -1.0428696498780128
0.8105869404373149 -9.98171440690236 -0.9570844630272213
0.879049 -9.96261 -0.9570844630272213
0.8762806816162693 -9.978575542779485 -0.8708355724637229
0.940073 -9.95779 -0.8708355724637229
0.9387180927319465 -9.97360987257362 -0.7850503856129316
1.00166 -9.94935 -0.7850503856129316
1.001665389346164 -9.964846521591081 -0.6983377913367262
1.06533 -9.94311 -0.6983377913367262
1.0666442781969832 -9.958168010428153 -0.6106977896351069
1.12835 -9.93687 -0.6106977896351069
1.131033889321519 -9.952076202761551 -0.5225940842207806
1.19088 -9.92956 -0.5225940842207806
1.1947077345765649 -9.943788105083197 -0.4340266750937473
1.2549 -9.92095 -0.4340266750937473
1.2599712312362261 -9.934783768105467 -0.34545926596671406
1.31764 -9.91383 -0.34545926596671406
1.3237525994098018 -9.926816027181719 -0.2559644494142668
1.3769 -9.90519 -0.2559644494142668
1.3839841328889981 -9.917296388630714 -0.16693333657452658
1.44245 -9.89523 -0.16693333657452658
1.450550444471867 -9.906613520825182 -0.0765111125966653
1.50336 -9.88642 -0.0765111125966653
1.5122070733163375 -9.89673613980677 0.014838518806609885
1.56575 -9.87583 0.014838518806609885
1.5755012511149462 -9.885296073550885 0.10618815020988501
1.62598 -9.86713 0.10618815020988501
1.6363004773444303 -9.875462295422205 0.19707407790045317
1.68909 -9.85549 0.19707407790045317
1.6998069642858553 -9.862639620483932 0.2888874130164354
1.74992 -9.8454 0.2888874130164354
1.7612473343119077 -9.851536928707004 0.38070074813241755
1.81309 -9.83368 0.38070074813241755
1.8245818183309264 -9.838602421275606 0.4734414906738137
1.87454 -9.82258 0.4734414906738137
1.8864382889573643 -9.82641703526862 0.5661822332152098
1.93547 -9.81114 0.5661822332152098
1.9473003567449096 -9.813775759567742 0.6598503831820198
1.99707 -9.79724 0.6598503831820198
2.009095022407846 -9.798757697368243 0.7535185331488299
2.05775 -9.7861 0.7535185331488299
2.069157373463994 -9.786463786096407 0.8476503868283469
2.11986 -9.772 0.8476503868283469
2.131251064820905 -9.771289963439731 0.941782240507864
2.18297 -9.75757 0.941782240507864
2.1938672841218483 -9.755851808706067 1.036841501612795
2.24293 -9.74463 1.036841501612795
2.253930732697732 -9.741804132529847 1.1323644664304329
2.30369 -9.73047 1.1323644664304329
2.3140125120361703 -9.72673743783725 1.228814838673485
2.36479 -9.71522 1.228814838673485
2.3744106302866492 -9.710650573933796 1.32480150720383
2.42424 -9.70089 1.32480150720383
2.4333784139648675 -9.695419572969719 1.420788175734175
2.48713 -9.68584 1.420788175734175
2.495395208470903 -9.679745212390928 1.517702251689934
2.54781 -9.67166 1.517702251689934
2.5551631550497778 -9.665048958515513 1.6155437350711068
2.60758 -9.6541 1.6155437350711068
2.614252184823332 -9.646802280604259 1.7133852184522798
2.66984 -9.63627 1.7133852184522798
2.6755719844432697 -9.6286163283498 1.8107629981207456
2.728 -9.61769 1.8107629981207456
2.732762913678934 -9.609841246118465 1.9090681852146254
2.79042 -9.60289 1.9090681852146254
2.794389586939311 -9.594611675064536 2.007373372308505
2.85049 -9.58652 2.007373372308505
2.8533861993304144 -9.578556694439943 2.106142263115092
2.91083 -9.56681 2.106142263115092
2.9129268354922977 -9.558599915534993 2.204911153921679
2.97192 -9.5502 2.204911153921679
2.9731395737274258 -9.542200073863762 2.3046074521536797
3.0295 -9.53064 2.3046074521536797
3.029917275391224 -9.522558412315036 2.4043037503856803
3.0905 -9.51052 2.4043037503856803
3.0901448450425013 -9.503143438572396 2.504463752330388
3.14935 -9.48921 2.504463752330388
3.148259023326815 -9.481905921451846 2.604623754275096
3.20847 -9.47126 2.604623754275096
3.2065739842167265 -9.463785643779074 2.7052474599325107
3.26849 -9.4505 2.7052474599325107
3.266094630059291 -9.44391851140832 2.8063348693026327
3.32851 -9.43039 2.8063348693026327
3.3254626852603946 -9.424083839352422 2.9074222786727546
3.38587 -9.4078 2.9074222786727546
3.382230807236991 -9.401880647961342 3.0099007991809974
3.44667 -9.38654 3.0099007991809974
3.4428408347223507 -9.381541541110746 3.111451912263826
3.50595 -9.36434 3.111451912263826
3.501895183236796 -9.360033077880571 3.213930432772069
3.56497 -9.34255 3.213930432772069
3.560495861258766 -9.338680478110906 3.3164089532803116
3.62226 -9.32134 3.3164089532803116
3.6177258609901464 -9.31816707611998 3.419814881213968
3.68288 -9.29672 3.419814881213968
3.6783275129792297 -9.294190379220865 3.522757105434918
3.74133 -9.27427 3.522757105434918
3.736541668158356 -9.272221586581079 3.625699329655868
3.79747 -9.25083 3.625699329655868
3.7924965209817505 -9.249284482023546 3.7286415538768174
3.85582 -9.22573 3.7286415538768174
3.8510878215108786 -9.224778869787501 3.832511185523181
3.91266 -9.20331 3.832511185523181
3.9082342748392076 -9.202890610495011 3.9373082245949584
3.97232 -9.17872 3.9373082245949584
3.9682006491795145 -9.17876250252962 4.041641559954029
4.02965 -9.15227 4.041641559954029
7.263973262676026 -8.779819072958713 -0.49106223175670927
4.08546 -9.12635 -0.49106223175670927
4.086544498720319 -9.129927539124182 -0.38580148897222466
4.14235 -9.10313 -0.38580148897222466
4.143804375652437 -9.106573793710579 -0.28054074618774
4.20056 -9.07514 -0.28054074618774
4.2023681532314106 -9.078411926886584 -0.1752800034032554
4.25922 -9.04812 -0.1752800034032554
4.26095668806634 -9.050604195526034 -0.06955555690606377
4.31635 -9.02018 -0.06955555690606377
4.318339142237364 -9.02246705618883 0.03616888959112778
4.37119 -8.99596 0.03616888959112778
4.373130215465308 -8.997764706693713 0.14282074351373336
4.42739 -8.96865 0.14282074351373336
4.429250336026066 -8.97004256892168 0.24900889372363194
4.48345 -8.93811 0.24900889372363194
4.485727654622708 -8.939464138738021 0.3556607476462375
4.54055 -8.91218 0.3556607476462375
4.5420195784751565 -8.91285351258733 0.462312601568843
4.59512 -8.8817 0.462312601568843
4.596962039228835 -8.882316746667758 0.5694281592041556
4.65111 -8.85107 0.5694281592041556
7.836777293646127 -9.549978932132298 5.313117140196567
4.70777 -8.82264 5.313117140196567
4.707543171708541 -8.823854295210323 5.420696401544586
4.76144 -8.7933 5.420696401544586
4.761395074747228 -8.793881603179912 5.527348255467192
4.81734 -8.76539 5.527348255467192
4.817376511497245 -8.766624759426847 5.634927516815211
4.87355 -8.73339 5.634927516815211
4.873622190498126 -8.733913094361201 5.742970481875938
4.92611 -8.70206 5.742970481875938
4.926066503338624 -8.70188616457621 5.851477150649371
4.98357 -8.66949 5.851477150649371
4.983639989505899 -8.66967956257707 5.959056411997391
5.03406 -8.63829 5.959056411997391
5.0339802431453915 -8.638129533311064 6.0675630807708245
5.09068 -8.6091 6.0675630807708245
5.090583334642155 -8.608949114206407 6.176069749544258
5.14318 -8.57557 6.176069749544258
5.142623796341312 -8.574879771032332 6.285040122030399
5.19741 -8.54204 6.285040122030399
5.196782029666917 -8.541414354894117 6.394010494516539
5.2518 -8.51085 6.394010494516539
5.251107712476688 -8.51029636065637 6.502980867002679
5.30796 -8.47654 6.502980867002679
5.306614503399925 -8.475685903079958 6.612414943201527
5.35831 -8.44237 6.612414943201527
5.356879271212001 -8.441667961692765 6.721849019400374
5.41199 -8.4075 6.721849019400374
5.410184574366046 -8.406847641550842 6.830819391886515
5.46317 -8.37558 6.830819391886515
5.461250607765703 -8.375114838799774 6.941180875510777
5.51634 -8.34147 6.941180875510777
5.514057713224462 -8.34117764726102 7.051078655422331
5.56751 -8.30713 7.051078655422331
5.56482821050958 -8.307083050975239 7.161903842759299
5.62039 -8.27254 7.161903842759299
5.61739490703055 -8.272820317396066 7.272265326383561
5.67286 -8.2355 7.272265326383561
5.669594758439743 -8.236174422792681 7.382163106295115
5.72357 -8.20059 7.382163106295115
5.7203984250807185 -8.201618475124398 7.492060886206669
5.77506 -8.16353 7.492060886206669
5.771672771667465 -8.165056793023995 7.602886073543638
5.82706 -8.12659 7.602886073543638
5.823862412693354 -8.128482048659846 7.713711260880606
5.87954 -8.08979 7.713711260880606
5.876310820151028 -8.092220102493227 7.824072744504868
5.92825 -8.05351 7.824072744504868
5.92503057429018 -8.056542385212785 7.935361635554543
5.97913 -8.01569 7.935361635554543
5.976056261661878 -8.019309652140205 8.046186822891512
6.03067 -7.97592 8.046186822891512
6.028015446482807 -7.97985739693347 8.157012010228481
6.0781 -7.94106 8.157012010228481
6.07574598598657 -7.9455556181082345 8.267373493852743
6.12708 -7.90001 8.267373493852743
6.1250968592823005 -7.905092720386971 8.378662384902418
6.17788 -7.86407 8.378662384902418
6.176389581307512 -7.869656489060261 8.489487572239387
6.22848 -7.82382 8.489487572239387
6.2276652612357335 -7.829214728388375 8.600776463289062
6.27654 -7.78364 8.600776463289062
6.276302140896622 -7.78979855970374 8.712529058051445
6.32717 -7.74652 8.712529058051445
6.327620428021106 -7.752666669763001 8.824281652813827
6.37521 -7.70546 8.824281652813827
6.376403027521523 -7.711838521244716 8.935570543863502
6.42288 -7.66544 8.935570543863502
6.424678894160678 -7.671334778568892 9.047323138625885
6.47238 -7.6251 9.047323138625885
6.475234964270534 -7.631705835547129 9.159075733388267
6.51658 -7.58284 9.159075733388267
6.519991951351017 -7.588803301081061 9.271292031863357
6.56706 -7.54335 9.271292031863357
6.571310821160969 -7.549156755007678 9.38304462662574
6.61338 -7.49998 9.38304462662574
6.618472561650568 -7.505516401422326 9.494333517675415
6.66089 -7.45992 9.494333517675415
6.6670995733126945 -7.465320708829372 9.606086112437797
6.70602 -7.4184 9.606086112437797
6.712793126849172 -7.423074527705598 9.71783870720018
6.7516 -7.3751 9.71783870720018
6.758852181221183 -7.378990028807155 9.829591301962562
6.79921 -7.33299 9.829591301962562
6.806850759913735 -7.336046999268244 9.941343896724945
6.84433 -7.28796 9.941343896724945
6.8529458589404015 -7.290333680539616 10.053560195200035
6.89065 -7.2469 10.053560195200035
6.89947747521187 -7.248293939011886 10.165776493675125
6.93715 -7.20304 10.165776493675125
6.946078048122046 -7.203436662722562 10.277992792150215
6.98303 -7.16039 10.277992792150215
6.992596777314893 -7.159740216593888 10.38928168319989
7.02601 -7.11718 10.38928168319989
7.035499829732977 -7.115461907886033 10.501961685387686
7.07028 -7.07033 10.501961685387686
7.079516463083729 -7.067555750808617 10.614641687575482
7.11327 -7.02682 10.614641687575482
7.122735305451339 -7.0227682149780595 10.726394282337864
7.15924 -6.98139 10.726394282337864
7.167910903203743 -6.976468820002725 10.838610580812954
7.20271 -6.93632 10.838610580812954
7.211038990511156 -6.930267158831074 10.950363175575337
7.24669 -6.89243 10.950363175575337
7.254532708194637 -6.885266214708866 11.061652066625012
7.28935 -6.84493 11.061652066625012
7.296599791965754 -6.836652717573002 11.173868365100102
7.33401 -6.79906 11.173868365100102
7.340473265319005 -6.789755210329649 11.285620959862484
7.37548 -6.7525 11.285620959862484
7.380865277211718 -6.742532467770492 11.397373554624867
7.41903 -6.70618 11.397373554624867
7.423392106257739 -6.695371786085784 11.508662445674542
7.46056 -6.65914 11.508662445674542
7.4637973124743064 -6.647546979190266 11.620878744149632
7.50034 -6.61183 11.620878744149632
7.502310718623882 -6.5996255647250495 11.732631338912014
7.54294 -6.56592 11.732631338912014
7.543537385372955 -6.553571919056341 11.844383933674397
7.5836 -6.51927 11.844383933674397
7.582816599350804 -6.506932323731844 11.95613652843678
7.62582 -6.47027 11.95613652843678
7.623608778023812 -6.457775655418296 12.067425419486455
7.66493 -6.42118 12.067425419486455
7.817549063730709 -6.939316181071283 -1.7323970706732865
7.70435 -6.37441 -1.7323970706732865
7.714913418129559 -6.366807957405449 -1.6215718833363182
7.74499 -6.32555 -1.6215718833363182
7.755172675578083 -6.3163522241818795 -1.5102829922866428
7.78587 -6.27663 -1.5102829922866428
7.79496818466833 -6.266358242717535 -1.3989941012369673
7.82396 -6.22958 -1.3989941012369673
7.831861127016964 -6.2183613479512605 -1.287705210187292
7.86106 -6.17805 -1.287705210187292
7.867823256680333 -6.165737540729277 -1.1768800228503236
7.90218 -6.12798 -1.1768800228503236
7.90766440730837 -6.114693750298254 -1.0665185392260623
7.93945 -6.07961 -1.0665185392260623
7.943543501777726 -6.0654342410947875 -0.955229648176387
7.97874 -6.02895 -0.955229648176387
7.981169388454961 -6.014783093972355 -0.8448681645521257
8.01776 -5.97966 -0.8448681645521257
8.018656335167414 -5.964605716883478 -0.7340429772151573
8.05268 -5.92773 -0.7340429772151573
8.051889122231673 -5.912343387086896 -0.623681493590896
8.08787 -5.87775 -0.623681493590896
8.085389289152113 -5.862544099228545 -0.5133200099666346
8.12681 -5.82528 -0.5133200099666346
8.122669639625856 -5.810439826127894 -0.4029585263423733
8.1636 -5.77487 -0.4029585263423733
8.157728715631247 -5.760273686071601 -0.29306074643081886
8.2002 -5.72522 -0.29306074643081886
8.192763259730034 -5.711355684128231 -0.18316296651926442
8.23664 -5.67231 -0.18316296651926442
8.227326885514842 -5.658762138333711 -0.072801482895003
8.2694 -5.62094 -0.072801482895003
8.258651414376581 -5.608500282791051 0.03756000072925837
8.30455 -5.56843 0.03756000072925837
8.292257727507184 -5.557028099403549 0.14745778064081277
8.33926 -5.51787 0.14745778064081277
8.325529491164804 -5.507690923487976 0.2568918568396602
8.37416 -5.46593 0.2568918568396602
8.359399910397338 -5.457311402293159 0.3663259330385077
8.40812 -5.41118 0.3663259330385077
8.392209143933842 -5.404092346638654 0.4752963055246481
8.44343 -5.35854 0.4752963055246481
8.426532267762632 -5.353125293753485 0.5838029742980816
8.47709 -5.30569 0.5838029742980816
8.459705265081334 -5.302137058921186 0.692309643071515
8.50765 -5.25216 0.692309643071515
8.489982744260534 -5.250510614314933 0.8008163118449485
8.54296 -5.20013 0.8008163118449485
8.524510865537602 -5.200414474035883 0.909786684331089
8.57448 -5.14528 0.909786684331089
8.555847769540536 -5.147609663241949 1.0182933531045224
8.60863 -5.08956 1.0182933531045224
8.590359635341615 -5.093893718722421 1.126800021877956
8.63847 -5.03744 1.126800021877956
8.620776399913069 -5.0437268003530535 1.2353066906513894
8.67115 -4.98116 1.2353066906513894
8.653947737005 -4.989467699654445 1.3433496557121158
8.70044 -4.92786 1.3433496557121158
8.683957342224184 -4.9381468182389305 1.4509289170601354
8.73338 -4.874 1.4509289170601354
8.71809714457028 -4.885997123269756 1.558508178408155
8.76235 -4.81912 1.558508178408155
8.748210330558209 -4.8329163699648054 1.6656237360434674
8.79155 -4.76248 1.6656237360434674
8.779173994923422 -4.7774576879116895 1.773202997391487
8.82327 -4.70689 1.773202997391487
8.812214802535284 -4.7236542074848185 1.8798548513140925
8.85219 -4.6515 1.8798548513140925
8.842982163508326 -4.669345777952238 1.986506705236698
8.88152 -4.59743 1.986506705236698
8.87426416086389 -4.616154551850681 2.0931585591593036
8.90888 -4.53975 2.0931585591593036
8.903573852849126 -4.559455312522156 2.1993467093692023
8.93649 -4.48383 2.1993467093692023
8.933191805256229 -4.504685275852333 2.3059985632918076
8.96659 -4.42771 2.3059985632918076
8.96554971481601 -4.448417085011628 2.4117230097889992
8.99437 -4.3733 2.4117230097889992
8.995538784301043 -4.394326722476798 2.5169837525734837
9.02123 -4.31264 2.5169837525734837
9.024653707668698 -4.333749320707436 2.6217807916452616
9.04624 -4.25831 2.6217807916452616
9.051938633963314 -4.2792599253962695 2.7261141270043323
9.07414 -4.20093 2.7261141270043323
9.081989458232115 -4.221172524759016 2.830447462363403
9.10165 -4.14427 2.830447462363403
9.11188789639196 -4.164214165996051 2.9352445014351805
9.12636 -4.08717 2.9352445014351805
9.1384193559488 -4.105614697710722 3.039114133081544
9.15299 -4.03005 3.039114133081544
9.16710247586882 -4.047397813376042 3.1425200610152006
9.17737 -3.97219 3.1425200610152006
9.193428481330102 -3.9882187234096342 3.2454622852361505
9.203 -3.91411 3.2454622852361505
9.220620589487138 -3.928403691716892 3.3484045094571004
9.2255 -3.85577 3.3484045094571004
9.244815344437088 -3.8683858134182367 3.452274141103464
9.25107 -3.80003 3.452274141103464
9.271879222680463 -3.8107241489681796 3.5556800690371206
9.27564 -3.73841 3.5556800690371206
9.297086653283255 -3.7467607233560343 3.6581585895453634
9.29667 -3.68155 3.6581585895453634
9.319172682778643 -3.6877495188837583 3.760173406340899
9.32101 -3.62309 3.760173406340899
9.344724466730565 -3.627083094846575 3.862651926849142
9.34418 -3.56484 3.862651926849142
9.368178543407332 -3.5663861736950375 3.9651304473573847
9.36624 -3.50543 3.9651304473573847
9.390215568291131 -3.5045151370483114 4.066217856727507
9.388 -3.44617 4.066217856727507
9.411760849727553 -3.4428403049197005 4.167305266097628
9.40717 -3.38697 4.167305266097628
9.431160456558308 -3.3810911384124696 4.268856379180457
9.4307 -3.3276 4.268856379180457
9.45397088114414 -3.3193193532730474 4.370407492263286
9.44841 -3.2687 4.370407492263286
9.470671590897764 -3.2581266081646882 4.4705674942079945
9.47021 -3.20835 4.4705674942079945
9.491581754770184 -3.195435007470831 4.570263792439995
9.49118 -3.14962 4.570263792439995
9.511421016942512 -3.134446451138345 4.669496386959289
9.51142 -3.0898 4.669496386959289
9.53005820026712 -3.0726958238220377 4.768728981478583
9.52959 -3.03103 4.768728981478583
9.546659160205397 -3.0119203671437464 4.86749787228517
9.54791 -2.96928 4.86749787228517
9.563011600543804 -2.9485803391565555 4.966266763091756
9.56751 -2.909 4.966266763091756
9.580662062111815 -2.8866310698853277 5.064571950185636
9.58364 -2.84975 5.064571950185636
9.594533121325627 -2.826198234035357 5.162877137279516
9.60018 -2.79156 5.162877137279516
9.608816140178458 -2.7667449469577123 5.260718620660689
9.61989 -2.72874 5.260718620660689
9.626060766759103 -2.703200003675054 5.358560104041862
9.63903 -2.66903 5.358560104041862
9.642668695863216 -2.643064107170446 5.455010476284914
9.65369 -2.6059 5.455010476284914
9.654841489749696 -2.5789977801044683 5.551924552240673
9.67051 -2.54771 5.551924552240673
9.669035322795773 -2.520497093540624 5.648374924483726
9.68549 -2.48606 5.648374924483726
9.681401549297682 -2.4591155845920136 5.744825296726778
9.70179 -2.42534 5.744825296726778
9.695125779849576 -2.3989145365109694 5.84127566896983
9.71617 -2.36583 5.84127566896983
9.707010575447384 -2.340221179494639 5.936334930074761
9.73236 -2.30335 5.936334930074761
9.720672816788793 -2.2784310400168915 6.030930487466985
9.74507 -2.24449 6.030930487466985
9.73091568127713 -2.2205056159149272 6.125062341146502
9.75784 -2.18042 6.125062341146502
9.741493982476813 -2.1578722034428948 6.219194194826019
9.77293 -2.12107 6.219194194826019
9.75432172368159 -2.099913662900706 6.312862344792829
9.78448 -2.05919 6.312862344792829
9.763737275438828 -2.0396432974267094 6.406066791046932
9.79975 -1.99803 6.406066791046932
9.77753512318916 -1.9806991663420201 6.499734941013742
9.81152 -1.93676 6.499734941013742
9.787506884473695 -1.9214073296645302 6.592939387267845
9.82095 -1.87305 6.592939387267845
9.795661391394281 -1.8600241712410917 6.684752722383827
9.83426 -1.81434 6.684752722383827
9.807581376557135 -1.8035655332688616 6.776102353787103
9.8471 -1.75053 6.776102353787103
9.819237599463342 -1.7421401615799756 6.866988281477671
9.85606 -1.68891 6.866988281477671
9.827551126579445 -1.683083604144067 6.957874209168239
9.86742 -1.62549 6.957874209168239
9.838499982113763 -1.6222751410856693 7.048760136858807
9.87725 -1.56364 7.048760136858807
9.847505724553276 -1.5630502920548146 7.138718657123961
9.88792 -1.50243 7.138718657123961
9.858243018979495 -1.5045148200929015 7.228677177389115
9.89703 -1.43995 7.228677177389115
9.867338500334172 -1.4447444530036986 7.318171993941562
9.90612 -1.37746 7.318171993941562
9.87734528287049 -1.384794780784804 7.406739403068595
9.91351 -1.3157 7.406739403068595
9.885189319074613 -1.3256593473119263 7.494843108482922
9.92106 -1.25477 7.494843108482922
9.893725484947547 -1.2671826489438929 7.582946813897248
9.92841 -1.19075 7.582946813897248
9.901989889624403 -1.2056800393424414 7.670586815598868
9.93718 -1.12892 7.670586815598868
9.912168082400914 -1.1461052345064615 7.758226817300487
9.94239 -1.06699 7.758226817300487
9.91847529085509 -1.086713337905725 7.844939411576693
9.94747 -1.00312 7.844939411576693
9.925353262106643 -1.0248403424601376 7.931652005852898
9.95794 -0.939228 7.931652005852898
9.938035290461269 -0.9624924315494903 8.01743719270369
9.96073 -0.879212 8.01743719270369
9.942701860738458 -0.9043612581501239 8.102758675841775
9.9674 -0.816152 8.102758675841775
9.951413957414722 -0.8430262574770981 8.187616455267152
9.97259 -0.755035 8.187616455267152
9.958963367400852 -0.7831177321557274 8.271083123554408
9.97686 -0.690241 8.271083123554408
9.96562205749515 -0.7193620166302652 8.354549791841665
9.97855 -0.628659 8.354549791841665
9.969687394342976 -0.658928389643799 8.437552756416213
9.98635 -0.564743 8.437552756416213
9.980027471398829 -0.5956429572900578 8.520555720990762
9.98662 -0.50237 8.520555720990762
9.982842439072483 -0.5340114452443632 8.603094981852605
9.98949 -0.438935 8.603094981852605
9.988322171017368 -0.4711059344379237 8.68517053900174
9.99311 -0.377016 8.68517053900174
9.994566133824897 -0.4087935142794729 8.766318688725462
9.9938 -0.315095 8.766318688725462
9.997868468136947 -0.34697326982693466 8.847003134736477
9.99606 -0.25209 8.847003134736477
10.002751719443294 -0.28385563740632536 8.927223877034784
9.99948 -0.187221 8.927223877034784
10.008695729874496 -0.21834824131397154 9.007444619333091
9.99733 -0.125074 9.007444619333091
9.99733 -0.125074 9.007444619333091
10.0008 -0.0632471 9.007444619333091
10.0008 -0.0632471 9.007444619333091
