0 48 9951 9915
1 10.0024 0.0623637
0 95 9902 9830
1 9.99888 0.125572
0 142 9853 9745
1 9.9962 0.188454
0 187 9804 9661
1 9.99682 0.25246
0 232 9756 9577
1 9.99547 0.311872
0 276 9708 9493
1 9.99268 0.376656
0 319 9660 9409
1 9.99073 0.439069
0 361 9612 9326
1 9.98714 0.50274
0 402 9564 9243
1 9.98343 0.564906
0 442 9517 9160
1 9.97944 0.625929
0 481 9470 9077
1 9.97596 0.690385
0 520 9424 8995
1 9.97154 0.752458
0 558 9378 8913
1 9.96684 0.81708
0 595 9332 8831
1 9.96215 0.878626
0 631 9286 8749
1 9.95657 0.941166
0 666 9241 8667
1 9.94895 1.00341
0 700 9196 8586
1 9.94164 1.06683
0 734 9151 8505
1 9.93384 1.12633
0 767 9106 8425
1 9.92918 1.19102
0 798 9061 8345
1 9.92111 1.25321
0 828 9017 8265
1 9.91366 1.31549
0 858 8973 8185
1 9.90539 1.37948
0 887 8929 8106
1 9.89742 1.43993
0 915 8886 8027
1 9.8871 1.50159
0 942 8843 7949
1 9.87609 1.56612
0 968 8800 7871
1 9.86596 1.62669
0 993 8757 7793
1 9.85671 1.68877
0 1017 8715 7715
1 9.8472 1.74918
0 1041 8673 7637
1 9.83487 1.81228
0 1064 8631 7560
1 9.82157 1.87303
0 1086 8590 7483
1 9.812 1.9361
0 1107 8549 7407
1 9.79873 1.99755
0 1127 8508 7331
1 9.78534 2.05832
0 1146 8468 7255
1 9.77166 2.1196
0 1164 8428 7180
1 9.75964 2.18118
0 1181 8388 7105
1 9.74584 2.24443
0 1197 8348 7030
1 9.73147 2.30336
0 1212 8309 6955
1 9.71811 2.36668
0 1227 8270 6881
1 9.70171 2.42545
0 1241 8231 6807
1 9.68639 2.48728
0 1254 8192 6734
1 9.66964 2.54906
0 1266 8154 6661
1 9.65343 2.60836
0 1277 8116 6588
1 9.64 2.66979
0 1287 8078 6516
1 9.62051 2.73099
0 1296 8041 6444
1 9.60465 2.79096
0 1304 8004 6373
1 9.58502 2.85001
0 1311 7967 6302
1 9.56678 2.91104
0 1317 7931 6231
1 9.54889 2.97013
0 1323 7895 6161
1 9.52926 3.03106
0 1328 7860 6091
1 9.50718 3.08928
0 1332 7824 6021
1 9.48994 3.14995
0 1335 7789 5952
1 9.47205 3.20921
0 1337 7754 5883
1 9.45032 3.26895
0 1338 7720 5815
1 9.43073 3.32719
0 1338 7686 5747
1 9.40797 3.38798
0 1338 7652 5679
1 9.38872 3.44628
0 1337 7619 5611
1 9.36812 3.50674
0 1335 7586 5544
1 9.34346 3.56436
0 1333 7553 5478
1 9.32053 3.62364
0 1329 7520 5412
1 9.29704 3.68207
0 1325 7488 5346
1 9.27382 3.73927
0 1320 7456 5281
1 9.24887 3.79695
0 1314 7424 5216
1 9.22646 3.85518
0 1307 7393 5151
1 9.20261 3.91354
0 1299 7362 5087
1 9.17828 3.97023
0 1290 7332 5023
1 9.15378 4.02999
0 1280 7302 4960
1 9.12716 4.08591
0 1270 7272 4897
1 9.10094 4.14366
0 1258 7242 4834
1 9.07373 4.20168
0 1245 7213 4772
1 9.04911 4.25723
0 1232 7184 4710
1 9.01873 4.31342
0 1218 7155 4649
1 8.99407 4.37182
0 1203 7127 4588
1 8.96707 4.42846
0 1187 7099 4528
1 8.93773 4.48381
0 1170 7072 4468
1 8.91049 4.53823
0 1152 7045 4409
1 8.88175 4.59596
0 1133 7018 4350
1 8.85361 4.65099
0 1113 6991 4292
1 8.82183 4.70683
0 1092 6965 4234
1 8.79298 4.76135
0 1070 6939 4177
1 8.7638 4.81569
0 1047 6914 4120
1 8.73322 4.87323
0 1024 6889 4063
1 8.7026 4.92619
0 1000 6864 4007
1 8.66948 4.98293
0 975 6840 3951
1 8.63958 5.03711
0 949 6816 3896
1 8.60848 5.0897
0 922 6792 3841
1 8.57597 5.14318
0 894 6769 3787
1 8.54291 5.19834
0 865 6746 3733
1 8.51117 5.25187
0 835 6723 3680
1 8.47686 5.30411
0 804 6701 3627
1 8.44335 5.357
0 772 6679 3575
1 8.40801 5.41116
0 740 6658 3523
1 8.37639 5.4639
0 707 6637 3471
1 8.33956 5.51503
0 673 6616 3420
1 8.30395 5.56818
0 638 6596 3370
1 8.2715 5.6197
0 602 6576 3320
1 8.23481 5.67162
0 565 6556 3270
1 8.20024 5.72379
0 527 6537 3221
1 8.16237 5.77453
0 488 6518 3172
1 8.12726 5.82557
0 449 6499 3124
1 8.08841 5.87817
0 409 6481 3076
1 8.05249 5.92841
0 368 6463 3029
1 8.01439 5.97923
0 326 6445 2983
1 7.97916 6.02873
0 283 6428 2937
1 7.93941 6.07983
0 239 6411 2892
1 7.90076 6.12872
0 194 6394 2847
1 7.86343 6.18099
0 149 6378 2803
1 7.82138 6.22904
0 103 6362 2759
1 7.78321 6.27869
0 56 6347 2716
1 7.74476 6.32579
0 8 6332 2673
1 7.70525 6.37404
0 9959 6318 2631
1 7.66544 6.42118
0 9909 6304 2589
1 7.62496 6.46937
0 9858 6290 2548
1 7.58223 6.51786
0 9807 6276 2508
1 7.54195 6.56503
0 9755 6263 2468
1 7.50022 6.61462
0 9702 6250 2428
1 7.46011 6.66021
0 9648 6238 2389
1 7.41623 6.70778
0 9593 6226 2351
1 7.37547 6.75386
0 9537 6215 2313
1 7.33311 6.80041
0 9480 6204 2275
1 7.28988 6.84454
0 9423 6193 2238
1 7.24668 6.89031
0 9365 6183 2202
1 7.203 6.93677
0 9306 6173 2166
1 7.15991 6.98292
0 9246 6163 2131
1 7.11458 7.02613
0 9185 6154 2096
1 7.07217 7.07222
0 9124 6145 2062
1 7.02747 7.11468
0 9062 6137 2028
1 6.98151 7.15785
0 8999 6129 1995
1 6.93786 7.20225
0 8935 6121 1962
1 6.89077 7.245
0 8870 6114 1930
1 6.84539 7.2888
0 8804 6107 1898
1 6.79831 7.33364
0 8738 6101 1867
1 6.75311 7.37444
0 8671 6095 1836
1 6.70706 7.41694
0 8603 6089 1806
1 6.65908 7.46002
0 8534 6084 1776
1 6.61376 7.50021
0 8464 6079 1747
1 6.56704 7.54257
0 8394 6075 1719
1 6.51863 7.58366
0 8323 6071 1691
1 6.47081 7.62209
0 8251 6067 1664
1 6.42268 7.66246
0 8178 6064 1637
1 6.37406 7.70422
0 8104 6061 1611
1 6.32657 7.7442
0 8029 6058 1586
1 6.27656 7.78384
0 7954 6056 1561
1 6.22841 7.82421
0 7878 6054 1536
1 6.17959 7.86402
0 7801 6052 1512
1 6.1291 7.90304
0 7724 6051 1489
1 6.07898 7.93879
0 7646 6050 1466
1 6.03039 7.97779
0 7567 6050 1444
1 5.9786 8.01627
0 7487 6050 1422
1 5.9292 8.05323
0 7406 6050 1401
1 5.87722 8.0904
0 7325 6050 1380
1 5.82695 8.12595
0 7243 6050 1360
1 5.77572 8.16358
0 7160 6051 1341
1 5.72473 8.1993
0 7076 6052 1322
1 5.67275 8.23529
0 6992 6053 1304
1 5.62185 8.27103
0 6907 6055 1286
1 5.56944 8.30666
0 6821 6057 1269
1 5.51743 8.34133
0 6735 6059 1252
1 5.46366 8.37542
0 6648 6062 1236
1 5.41087 8.40857
0 6560 6065 1221
1 5.35855 8.4417
0 6471 6069 1206
1 5.30443 8.47741
0 6382 6073 1192
1 5.25218 8.50954
0 6292 6078 1179
1 5.19726 8.54229
0 6201 6083 1166
1 5.14505 8.57464
0 6109 6088 1154
1 5.09025 8.60764
0 6017 6094 1142
1 5.03625 8.64023
0 5924 6100 1131
1 4.98001 8.66924
0 5831 6106 1120
1 4.92611 8.70057
0 5737 6113 1110
1 4.8726 8.73333
0 5642 6120 1101
1 4.81743 8.764
0 5546 6128 1092
1 4.76198 8.79314
0 5450 6136 1084
1 4.70684 8.82173
0 5353 6145 1076
1 4.65287 8.85161
0 5256 6154 1069
1 4.59606 8.88279
0 5158 6163 1062
1 4.5415 8.9123
0 5059 6172 1056
1 4.48316 8.9394
0 4959 6182 1051
1 4.42734 8.96508
0 4859 6192 1046
1 4.37068 8.99312
0 4758 6203 1042
1 4.31582 9.02158
0 4656 6214 1038
1 4.25778 9.04961
0 4554 6225 1035
1 4.1999 9.07481
0 4451 6237 1033
1 4.14302 9.10348
0 4348 6249 1031
1 4.08715 9.12852
0 4244 6262 1029
1 4.03024 9.15289
0 4139 6275 1028
1 3.97218 9.17745
0 4033 6288 1028
1 3.91248 9.2028
0 3927 6301 1028
1 3.85441 9.22625
0 3820 6315 1028
1 3.79768 9.25216
0 3713 6330 1029
1 3.7399 9.2758
0 3605 6345 1030
1 3.68436 9.29769
0 3497 6360 1032
1 3.62354 9.31953
0 3388 6376 1034
1 3.56501 9.34402
0 3278 6392 1037
1 3.50554 9.3667
0 3168 6408 1040
1 3.44643 9.38774
0 3057 6425 1044
1 3.38523 9.4083
0 2945 6442 1049
1 3.32739 9.42939
0 2833 6460 1054
1 3.26968 9.45014
0 2721 6478 1060
1 3.21052 9.47232
0 2608 6496 1066
1 3.14952 9.49175
0 2494 6514 1073
1 3.0897 9.51093
0 2380 6533 1081
1 3.02988 9.53059
0 2265 6552 1089
1 2.97187 9.5488
0 2150 6571 1098
1 2.90976 9.56665
0 2034 6591 1107
1 2.85218 9.58556
0 1918 6611 1117
1 2.78952 9.60308
0 1801 6632 1127
1 2.7308 9.61956
0 1683 6653 1138
1 2.66837 9.63745
0 1565 6675 1150
1 2.60898 9.65486
0 1446 6697 1162
1 2.54711 9.66964
0 1327 6719 1175
1 2.48664 9.68512
0 1207 6742 1188
1 2.42727 9.70088
0 1087 6765 1202
1 2.36499 9.71586
0 966 6788 1217
1 2.30326 9.73154
0 845 6812 1232
1 2.24019 9.74554
0 723 6836 1248
1 2.18235 9.7587
0 601 6860 1264
1 2.11974 9.77303
0 479 6885 1281
1 2.05918 9.78648
0 356 6910 1299
1 1.99621 9.79792
0 232 6935 1317
1 1.93417 9.8096
0 108 6961 1336
1 1.8748 9.82424
0 9983 6987 1355
1 1.81281 9.83407
0 9858 7013 1375
1 1.75044 9.84517
0 9733 7040 1395
1 1.69004 9.85587
0 9608 7067 1416
1 1.62599 9.86689
0 9482 7095 1437
1 1.56286 9.87733
0 9355 7123 1459
1 1.50253 9.88629
0 9228 7151 1481
1 1.4405 9.89781
0 9100 7180 1504
1 1.37775 9.90442
0 8972 7209 1528
1 1.31672 9.91274
0 8844 7238 1552
1 1.25372 9.9226
0 8715 7267 1577
1 1.19112 9.92946
0 8586 7297 1602
1 1.12799 9.93494
0 8457 7327 1628
1 1.06404 9.94233
0 8327 7357 1654
1 1.00429 9.94951
0 8197 7388 1681
1 0.942135 9.95577
0 8066 7419 1708
1 0.877396 9.96131
0 7935 7451 1736
1 0.815296 9.96635
0 7804 7483 1765
1 0.751603 9.97302
0 7672 7515 1794
1 0.690409 9.97551
0 7540 7547 1824
1 0.629334 9.98003
0 7407 7580 1854
1 0.565881 9.98402
0 7274 7613 1885
1 0.501068 9.98785
0 7140 7646 1917
1 0.440237 9.98962
0 7006 7680 1949
1 0.376132 9.99217
0 6872 7714 1981
1 0.314035 9.99557
0 6738 7748 2014
1 0.252161 9.99748
0 6603 7783 2048
1 0.187708 9.99712
0 6468 7818 2082
1 0.126875 9.99878
0 6333 7853 2117
1 0.0626543 9.99981
0 6198 7889 2152
1 0.000182735 9.99918
0 6062 7925 2188
1 -0.0632376 9.99832
0 5926 7961 2225
1 -0.125014 9.99763
0 5789 7998 2262
1 -0.188036 9.99776
0 5652 8035 2300
1 -0.250513 9.99645
0 5515 8072 2338
1 -0.314748 9.99369
0 5377 8109 2376
1 -0.376339 9.99283
0 5239 8147 2415
1 -0.439867 9.9885
0 5101 8185 2455
1 -0.501818 9.98726
0 4963 8223 2495
1 -0.564266 9.9828
0 4824 8262 2536
1 -0.627182 9.98083
0 4685 8301 2578
1 -0.689199 9.97737
0 4546 8340 2619
1 -0.75361 9.97112
0 4407 8380 2661
1 -0.816728 9.96657
0 4267 8420 2704
1 -0.879023 9.96219
0 4128 8460 2747
1 -0.942756 9.95652
0 3988 8500 2791
1 -1.00462 9.94821
0 3848 8541 2835
1 -1.06636 9.94275
0 3707 8582 2880
1 -1.12896 9.93732
0 3566 8623 2925
1 -1.19099 9.9269
0 3425 8665 2971
1 -1.2538 9.92025
0 3284 8707 3017
1 -1.31436 9.91247
0 3143 8749 3063
1 -1.37798 9.90636
0 3002 8792 3110
1 -1.44123 9.89563
0 2860 8835 3158
1 -1.50202 9.88777
0 2718 8878 3206
1 -1.56446 9.87787
0 2576 8922 3255
1 -1.62484 9.86529
0 2434 8966 3304
1 -1.6894 9.85605
0 2292 9010 3354
1 -1.74995 9.8467
0 2149 9054 3404
1 -1.81134 9.83471
0 2006 9099 3455
1 -1.87507 9.82261
0 1863 9144 3506
1 -1.93522 9.81096
0 1721 9189 3558
1 -1.99691 9.79898
0 1578 9234 3610
1 -2.05975 9.78637
0 1435 9279 3663
1 -2.11916 9.77219
0 1292 9325 3716
1 -2.18251 9.75786
0 1149 9371 3770
1 -2.24262 9.74434
0 1006 9417 3824
1 -2.30295 9.73225
0 862 9464 3879
1 -2.36471 9.71763
0 719 9511 3934
1 -2.42382 9.70003
0 575 9558 3990
1 -2.48532 9.68519
0 431 9605 4046
1 -2.54703 9.67188
0 287 9652 4103
1 -2.60767 9.65225
0 143 9699 4160
1 -2.66913 9.63856
0 9999 9747 4217
1 -2.72904 9.6186
0 9855 9795 4275
1 -2.7902 9.60411
0 9711 9843 4333
1 -2.8491 9.58392
0 9567 9892 4392
1 -2.91159 9.56938
0 9423 9941 4451
1 -2.96965 9.54954
0 9279 9990 4511
1 -3.03201 9.53026
0 9135 39 4571
1 -3.09074 9.51147
0 8991 88 4632
1 -3.14765 9.49291
0 8847 138 4693
1 -3.21027 9.47021
0 8702 188 4754
1 -3.26969 9.45196
0 8557 238 4816
1 -3.32983 9.43
0 8412 288 4879
1 -3.3872 9.40953
0 8268 339 4942
1 -3.44651 9.38772
0 8123 390 5005
1 -3.50329 9.36543
0 7978 441 5069
1 -3.56357 9.34521
0 7834 492 5133
1 -3.62254 9.32055
0 7690 543 5197
1 -3.68252 9.29801
0 7546 595 5261
1 -3.73795 9.27464
0 7402 647 5326
1 -3.79937 9.24922
0 7258 699 5392
1 -3.85721 9.22811
0 7114 751 5458
1 -3.9134 9.20175
0 6970 803 5524
1 -3.97091 9.17709
0 6826 856 5591
1 -4.02701 9.15163
0 6682 909 5658
1 -4.085 9.12517
0 6538 962 5726
1 -4.14344 9.10104
0 6394 1015 5794
1 -4.20216 9.07449
0 6250 1069 5862
1 -4.25624 9.04723
0 6106 1123 5931
1 -4.31558 9.02147
0 5962 1177 6000
1 -4.37217 8.99512
0 5818 1231 6070
1 -4.42943 8.96611
0 5675 1285 6140
1 -4.48464 8.93958
0 5531 1339 6211
1 -4.53945 8.90875
0 5388 1394 6282
1 -4.59608 8.88142
0 5245 1449 6353
1 -4.65213 8.85062
0 5102 1504 6425
1 -4.70909 8.82293
0 4959 1559 6497
1 -4.76275 8.79351
0 4816 1614 6569
1 -4.81844 8.76422
0 4673 1669 6642
1 -4.87157 8.73324
0 4531 1724 6715
1 -4.92695 8.69988
0 4389 1779 6788
1 -4.98359 8.66907
0 4247 1835 6862
1 -5.03542 8.63941
0 4105 1891 6936
1 -5.09145 8.6068
0 3964 1947 7011
1 -5.1431 8.57643
0 3822 2003 7085
1 -5.19791 8.5443
0 3681 2060 7160
1 -5.25187 8.51098
0 3540 2117 7236
1 -5.30535 8.47728
0 3399 2174 7312
1 -5.35749 8.44466
0 3258 2231 7388
1 -5.41181 8.4089
0 3117 2288 7465
1 -5.46254 8.37694
0 2976 2345 7542
1 -5.51782 8.33992
0 2836 2403 7619
1 -5.56905 8.30512
0 2696 2460 7696
1 -5.61799 8.27049
0 2556 2518 7774
1 -5.67413 8.23439
0 2416 2576 7852
1 -5.72449 8.20016
0 2277 2634 7930
1 -5.77585 8.16404
0 2138 2692 8008
1 -5.82717 8.12791
0 1999 2750 8087
1 -5.87662 8.09149
0 1861 2808 8166
1 -5.92912 8.05428
0 1723 2866 8245
1 -5.97773 8.01556
0 1585 2925 8325
1 -6.02844 7.9766
0 1447 2984 8405
1 -6.08096 7.93928
0 1310 3043 8485
1 -6.12864 7.90221
0 1173 3102 8566
1 -6.17699 7.86256
0 1036 3161 8647
1 -6.22798 7.8258
0 899 3220 8728
1 -6.27639 7.78422
0 763 3279 8809
1 -6.3268 7.74764
0 627 3338 8891
1 -6.37562 7.70559
0 491 3397 8973
1 -6.42012 7.66538
0 356 3456 9055
1 -6.47142 7.62501
0 221 3515 9138
1 -6.51833 7.58277
0 86 3574 9221
1 -6.56788 7.54359
0 9952 3633 9304
1 -6.61464 7.50153
0 9818 3692 9387
1 -6.65945 7.45833
0 9684 3752 9471
1 -6.70711 7.4176
0 9551 3812 9555
1 -6.75119 7.37534
0 9418 3872 9639
1 -6.7999 7.33313
0 9285 3932 9723
1 -6.84597 7.28901
0 9153 3992 9808
1 -6.8916 7.24499
0 9021 4052 9893
1 -6.93748 7.20368
0 8889 4113 9978
1 -6.98077 7.15933
0 8758 4173 63
1 -7.02668 7.11463
0 8627 4234 148
1 -7.07126 7.06986
0 8497 4294 234
1 -7.11461 7.02609
0 8367 4355 320
1 -7.1603 6.97989
0 8237 4415 406
1 -7.20237 6.93587
0 8108 4475 493
1 -7.24612 6.89076
0 7979 4536 580
1 -7.28829 6.84503
0 7851 4597 667
1 -7.33111 6.79831
0 7723 4658 754
1 -7.37679 6.75335
0 7595 4719 841
1 -7.41664 6.70642
0 7468 4780 928
1 -7.4594 6.65954
0 7341 4840 1016
1 -7.50293 6.61141
0 7214 4901 1104
1 -7.54237 6.56646
0 7088 4962 1192
1 -7.58572 6.51831
0 6963 5023 1280
1 -7.62407 6.46975
0 6838 5084 1368
1 -7.66487 6.4229
0 6714 5145 1456
1 -7.7049 6.3738
0 6590 5206 1545
1 -7.74587 6.32585
0 6466 5267 1634
1 -7.78539 6.27686
0 6343 5328 1723
1 -7.82452 6.2291
0 6220 5389 1812
1 -7.86333 6.1799
0 6098 5450 1901
1 -7.90249 6.13058
0 5976 5511 1990
1 -7.93878 6.0784
0 5855 5572 2079
1 -7.97819 6.02748
0 5734 5633 2169
1 -8.01539 5.97993
0 5614 5694 2259
1 -8.05222 5.9292
0 5494 5755 2349
1 -8.09164 5.87931
0 5375 5816 2439
1 -8.1258 5.82718
0 5256 5877 2529
1 -8.16217 5.77474
0 5138 5938 2619
1 -8.19811 5.72627
0 5020 5999 2710
1 -8.23605 5.6713
0 4903 6060 2801
1 -8.27151 5.62116
0 4787 6121 2892
1 -8.30547 5.56919
0 4671 6182 2983
1 -8.34306 5.51801
0 4556 6243 3074
1 -8.3748 5.46235
0 4441 6304 3165
1 -8.4096 5.41146
0 4327 6365 3256
1 -8.44246 5.3587
0 4213 6426 3347
1 -8.47616 5.30534
0 4100 6487 3438
1 -8.50875 5.25222
0 3987 6548 3529
1 -8.54308 5.19794
0 3875 6609 3621
1 -8.57572 5.14461
0 3764 6670 3713
1 -8.60665 5.09006
0 3653 6730 3805
1 -8.63922 5.03634
0 3543 6791 3897
1 -8.67138 4.98126
0 3433 6852 3989
1 -8.70305 4.92664
0 3324 6913 4081
1 -8.73278 4.87398
0 3216 6974 4173
1 -8.76204 4.81854
0 3108 7034 4265
1 -8.79314 4.76394
0 3001 7095 4357
1 -8.82338 4.70775
0 2894 7156 4449
1 -8.85107 4.65017
0 2788 7216 4541
1 -8.88049 4.59693
0 2683 7276 4633
1 -8.90962 4.53943
0 2578 7336 4725
1 -8.93932 4.48355
0 2474 7396 4817
1 -8.96539 4.42847
0 2370 7456 4910
1 -8.99432 4.37111
0 2267 7516 5002
1 -9.02051 4.31526
0 2165 7576 5095
1 -9.0481 4.25989
0 2063 7636 5188
1 -9.07445 4.20167
0 1962 7696 5281
1 -9.10148 4.14277
0 1862 7756 5374
1 -9.12651 4.08576
0 1762 7816 5466
1 -9.15201 4.0285
0 1663 7876 5559
1 -9.17808 3.97285
0 1565 7935 5652
1 -9.2038 3.91312
0 1467 7994 5744
1 -9.2261 3.85432
0 1370 8054 5837
1 -9.25173 3.79805
0 1274 8113 5930
1 -9.27578 3.73955
0 1179 8172 6023
1 -9.29819 3.68195
0 1084 8231 6116
1 -9.32283 3.62206
0 990 8290 6208
1 -9.34231 3.56448
0 896 8349 6300
1 -9.36499 3.50546
0 803 8408 6392
1 -9.38815 3.44568
0 711 8467 6485
1 -9.41058 3.38638
0 619 8526 6577
1 -9.43007 3.32669
0 528 8584 6669
1 -9.45071 3.26791
0 438 8643 6761
1 -9.47287 3.20704
0 348 8701 6853
1 -9.49085 3.15104
0 259 8759 6946
1 -9.51085 3.09063
0 171 8817 7038
1 -9.5308 3.031
0 84 8875 7130
1 -9.54761 2.96821
0 9997 8933 7222
1 -9.56802 2.91009
0 9911 8991 7314
1 -9.58296 2.84963
0 9826 9048 7406
1 -9.603 2.78965
0 9742 9105 7498
1 -9.6189 2.72969
0 9658 9162 7590
1 -9.63614 2.67094
0 9575 9219 7682
1 -9.65468 2.60856
0 9493 9276 7774
1 -9.66971 2.5456
0 9411 9333 7866
1 -9.68582 2.48721
0 9330 9390 7958
1 -9.70222 2.42612
0 9250 9446 8050
1 -9.71576 2.36627
0 9171 9502 8141
1 -9.73157 2.30205
0 9093 9558 8232
1 -9.74517 2.24297
0 9015 9614 8323
1 -9.75988 2.1827
0 8938 9670 8414
1 -9.77385 2.11992
0 8862 9726 8505
1 -9.78586 2.0602
0 8787 9782 8596
1 -9.79699 1.99738
0 8712 9838 8687
1 -9.81185 1.93679
0 8638 9894 8778
1 -9.82468 1.87367
0 8565 9949 8869
1 -9.83378 1.81225
0 8493 4 8959
1 -9.84573 1.75031
0 8421 59 9049
1 -9.85649 1.68643
0 8350 113 9139
1 -9.86629 1.62723
0 8280 167 9229
1 -9.87684 1.56427
0 8211 221 9319
1 -9.88797 1.50094
0 8143 275 9409
1 -9.89499 1.43812
0 8076 328 9499
1 -9.9041 1.37842
0 8009 382 9589
1 -9.9117 1.31518
0 7943 435 9678
1 -9.91978 1.25258
0 7878 489 9767
1 -9.92914 1.18936
0 7814 542 9856
1 -9.93482 1.12769
0 7751 595 9945
1 -9.94314 1.06571
0 7688 648 34
1 -9.94994 1.00303
0 7626 700 122
1 -9.95708 0.941427
0 7565 752 210
1 -9.96128 0.879459
0 7505 804 298
1 -9.96595 0.816196
0 7446 856 386
1 -9.97106 0.754438
0 7388 908 474
1 -9.97544 0.691177
0 7331 959 561
1 -9.97996 0.627094
0 7274 1011 648
1 -9.9838 0.568111
0 7218 1062 735
1 -9.98789 0.50211
0 7163 1113 822
1 -9.99081 0.440407
0 7109 1164 908
1 -9.9936 0.377065
0 7055 1215 994
1 -9.99501 0.314068
0 7003 1265 1081
1 -9.99521 0.251011
0 6952 1315 1167
1 -9.9975 0.18889
0 6901 1365 1253
1 -9.99816 0.125967
0 6851 1415 1338
1 -9.99892 0.0625735
0 6802 1464 1423
1 -10.0017 -0.000499937
0 6754 1513 1508
1 -10.0003 -0.0634908
0 6707 1562 1593
1 -9.99725 -0.127444
0 6661 1611 1677
1 -9.99654 -0.189377
0 6616 1659 1761
1 -9.99886 -0.250839
0 6571 1707 1845
1 -9.99629 -0.313376
0 6527 1755 1929
1 -9.99163 -0.380517
0 6484 1803 2013
1 -9.98959 -0.438359
0 6442 1850 2096
1 -9.98712 -0.503636
0 6401 1897 2179
1 -9.9846 -0.562893
0 6360 1944 2262
1 -9.9801 -0.628354
0 6320 1991 2345
1 -9.97798 -0.691242
0 6282 2038 2428
1 -9.97284 -0.753503
0 6244 2084 2510
1 -9.96614 -0.815857
0 6207 2130 2592
1 -9.96107 -0.877237
0 6171 2176 2674
1 -9.95582 -0.941629
0 6136 2222 2755
1 -9.94986 -1.00182
0 6102 2267 2836
1 -9.94268 -1.06605
0 6069 2312 2917
1 -9.9367 -1.12783
0 6036 2357 2998
1 -9.9293 -1.19185
0 6004 2401 3078
1 -9.91957 -1.25325
0 5973 2445 3158
1 -9.91382 -1.31496
0 5943 2489 3238
1 -9.90492 -1.37694
0 5914 2533 3317
1 -9.89673 -1.44051
0 5886 2576 3396
1 -9.88494 -1.50106
0 5859 2619 3475
1 -9.8775 -1.56456
0 5833 2662 3554
1 -9.86728 -1.62621
0 5808 2704 3632
1 -9.8574 -1.68804
0 5783 2747 3710
1 -9.84642 -1.74938
0 5759 2789 3787
1 -9.83493 -1.81223
0 5736 2831 3864
1 -9.82123 -1.87327
0 5714 2873 3941
1 -9.81038 -1.93576
0 5693 2914 4018
1 -9.79917 -1.99783
0 5673 2955 4094
1 -9.78701 -2.06049
0 5654 2995 4170
1 -9.77166 -2.1197
0 5636 3035 4245
1 -9.75767 -2.17994
0 5619 3075 4320
1 -9.74362 -2.2411
0 5602 3115 4395
1 -9.72939 -2.30453
0 5587 3154 4469
1 -9.7174 -2.36474
0 5573 3193 4544
1 -9.70082 -2.42424
0 5559 3232 4618
1 -9.68615 -2.48608
0 5546 3270 4691
1 -9.67064 -2.54772
0 5534 3308 4764
1 -9.65294 -2.60773
0 5523 3346 4837
1 -9.63838 -2.67055
0 5513 3384 4910
1 -9.62051 -2.73032
0 5504 3422 4982
1 -9.60322 -2.78981
0 5496 3459 5054
1 -9.58376 -2.85047
0 5489 3496 5125
1 -9.56885 -2.91092
0 5482 3532 5196
1 -9.54734 -2.9717
0 5476 3568 5266
1 -9.53083 -3.03065
0 5472 3603 5336
1 -9.51078 -3.08956
0 5468 3638 5406
1 -9.4903 -3.14891
0 5465 3673 5476
1 -9.47067 -3.20903
0 5463 3708 5545
1 -9.45181 -3.26893
0 5462 3743 5614
1 -9.42998 -3.32839
0 5462 3777 5682
1 -9.40686 -3.38635
0 5462 3811 5750
1 -9.38805 -3.44452
0 5463 3845 5817
1 -9.36432 -3.50571
0 5465 3878 5884
1 -9.34232 -3.56295
0 5467 3911 5950
1 -9.32033 -3.62207
0 5470 3943 6016
1 -9.29695 -3.68071
0 5474 3975 6082
1 -9.27556 -3.73987
0 5479 4007 6148
1 -9.25088 -3.79765
0 5485 4039 6213
1 -9.22366 -3.85575
0 5492 4070 6277
1 -9.20175 -3.91358
0 5500 4101 6341
1 -9.17653 -3.9725
0 5509 4131 6405
1 -9.15452 -4.02919
0 5519 4161 6469
1 -9.1264 -4.08784
0 5530 4191 6532
1 -9.10022 -4.14254
0 5542 4220 6595
1 -9.07354 -4.20104
0 5555 4249 6657
1 -9.05022 -4.25538
0 5569 4278 6718
1 -9.02239 -4.31417
0 5584 4307 6779
1 -8.99394 -4.37218
0 5599 4335 6839
1 -8.96653 -4.42798
0 5615 4363 6899
1 -8.93747 -4.48521
0 5632 4390 6959
1 -8.90933 -4.54086
0 5650 4417 7018
1 -8.88129 -4.59604
0 5669 4444 7077
1 -8.85053 -4.65073
0 5689 4470 7135
1 -8.82023 -4.70664
0 5710 4496 7193
1 -8.79316 -4.76193
0 5731 4522 7251
1 -8.76257 -4.81558
0 5754 4547 7308
1 -8.73347 -4.87375
0 5777 4572 7365
1 -8.70267 -4.92727
0 5801 4597 7421
1 -8.66882 -4.9799
0 5826 4621 7477
1 -8.64053 -5.03589
0 5852 4645 7532
1 -8.60831 -5.09066
0 5879 4669 7587
1 -8.57551 -5.14593
0 5907 4692 7641
1 -8.54498 -5.19788
0 5936 4715 7695
1 -8.51024 -5.25217
0 5966 4738 7748
1 -8.47692 -5.30617
0 5996 4760 7801
1 -8.44351 -5.35787
0 6027 4782 7854
1 -8.41073 -5.4117
0 6059 4804 7906
1 -8.37357 -5.46369
0 6092 4825 7958
1 -8.34281 -5.51716
0 6126 4846 8009
1 -8.30514 -5.56939
0 6161 4867 8059
1 -8.26775 -5.62087
0 6197 4887 8109
1 -8.23515 -5.67355
0 6234 4906 8159
1 -8.20083 -5.7225
0 6272 4925 8208
1 -8.16254 -5.77464
0 6311 4944 8257
1 -8.12512 -5.8266
0 6350 4963 8305
1 -8.0907 -5.87718
0 6390 4981 8353
1 -8.05272 -5.92817
0 6431 4999 8400
1 -8.01496 -5.97925
0 6473 5016 8447
1 -7.97739 -6.02815
0 6516 5033 8493
1 -7.93966 -6.07904
0 6560 5050 8538
1 -7.90058 -6.13027
0 6605 5066 8583
1 -7.86173 -6.17912
0 6651 5082 8628
1 -7.82523 -6.22693
0 6697 5097 8672
1 -7.78313 -6.27692
0 6744 5112 8715
1 -7.74401 -6.32622
0 6792 5127 8758
1 -7.7046 -6.37543
0 6841 5142 8800
1 -7.66602 -6.42341
0 6891 5156 8842
1 -7.62386 -6.4702
0 6942 5170 8884
1 -7.5842 -6.518
0 6993 5184 8925
1 -7.54309 -6.5659
0 7045 5197 8965
1 -7.50175 -6.61272
0 7098 5210 9005
1 -7.45987 -6.65869
0 7152 5222 9044
1 -7.41782 -6.70671
0 7207 5234 9083
1 -7.37619 -6.7551
0 7263 5245 9122
1 -7.33241 -6.79807
0 7319 5256 9160
1 -7.29054 -6.84556
0 7377 5267 9197
1 -7.24528 -6.88961
0 7435 5278 9234
1 -7.20324 -6.93541
0 7494 5288 9270
1 -7.15813 -6.98252
0 7554 5298 9305
1 -7.11636 -7.02809
0 7615 5307 9340
1 -7.07014 -7.07021
0 7677 5316 9374
1 -7.02732 -7.11658
0 7739 5325 9408
1 -6.98205 -7.16154
0 7802 5333 9441
1 -6.93657 -7.20354
0 7866 5341 9474
1 -6.89317 -7.2491
0 7931 5348 9506
1 -6.84629 -7.29018
0 7997 5355 9538
1 -6.79968 -7.33291
0 8063 5362 9569
1 -6.75349 -7.37453
0 8130 5368 9599
1 -6.70718 -7.41663
0 8198 5374 9629
1 -6.66072 -7.45929
0 8267 5380 9658
1 -6.6132 -7.50307
0 8337 5385 9687
1 -6.5657 -7.54172
0 8407 5390 9715
1 -6.51901 -7.5828
0 8478 5394 9743
1 -6.46982 -7.62633
0 8550 5398 9770
1 -6.42189 -7.6654
0 8623 5402 9797
1 -6.37247 -7.70432
0 8696 5405 9823
1 -6.32654 -7.74659
0 8770 5408 9849
1 -6.27559 -7.78547
0 8845 5410 9874
1 -6.22846 -7.82382
0 8921 5412 9899
1 -6.17705 -7.86406
0 8998 5414 9923
1 -6.13072 -7.90107
0 9075 5415 9946
1 -6.07957 -7.94
0 9153 5416 9969
1 -6.02905 -7.97672
0 9232 5416 9991
1 -5.97906 -8.01564
0 9312 5416 12
1 -5.92931 -8.05299
0 9392 5416 33
1 -5.8788 -8.09115
0 9473 5416 53
1 -5.82868 -8.12627
0 9555 5416 73
1 -5.77567 -8.16263
0 9638 5416 93
1 -5.72255 -8.20092
0 9721 5415 112
1 -5.67303 -8.23409
0 9805 5414 130
1 -5.62014 -8.26891
0 9890 5412 148
1 -5.56883 -8.30721
0 9976 5410 165
1 -5.51526 -8.34095
0 62 5407 182
1 -5.46355 -8.37528
0 149 5404 198
1 -5.40924 -8.40856
0 237 5401 213
1 -5.35834 -8.44511
0 326 5397 228
1 -5.30493 -8.477
0 415 5393 242
1 -5.25077 -8.51066
0 505 5389 256
1 -5.19785 -8.54293
0 595 5384 269
1 -5.14505 -8.57525
0 686 5378 281
1 -5.0894 -8.60634
0 778 5372 293
1 -5.03552 -8.63978
0 871 5366 304
1 -4.98204 -8.67129
0 965 5359 315
1 -4.92701 -8.7028
0 1059 5352 325
1 -4.87268 -8.73289
0 1154 5345 335
1 -4.81627 -8.76426
0 1250 5338 344
1 -4.76248 -8.79326
0 1347 5330 353
1 -4.70658 -8.82317
0 1444 5322 361
1 -4.64979 -8.85175
0 1542 5313 368
1 -4.59523 -8.88212
0 1641 5304 375
1 -4.54098 -8.91108
0 1740 5295 381
1 -4.48486 -8.93842
0 1840 5285 387
1 -4.42665 -8.96679
0 1940 5275 392
1 -4.37053 -8.99266
0 2041 5264 396
1 -4.31413 -9.02097
0 2143 5253 400
1 -4.25874 -9.04852
0 2245 5242 403
1 -4.20302 -9.07542
0 2348 5230 405
1 -4.14156 -9.1017
0 2451 5218 407
1 -4.08768 -9.12622
0 2555 5205 408
1 -4.03041 -9.15278
0 2660 5192 409
1 -3.97058 -9.17704
0 2765 5179 409
1 -3.91369 -9.20123
0 2871 5165 409
1 -3.85605 -9.22686
0 2978 5151 409
1 -3.79663 -9.25136
0 3085 5137 408
1 -3.74077 -9.27321
0 3193 5122 407
1 -3.68179 -9.29827
0 3302 5107 405
1 -3.62321 -9.3201
0 3411 5091 403
1 -3.56626 -9.34273
0 3520 5075 400
1 -3.50414 -9.36419
0 3630 5059 397
1 -3.44674 -9.38753
0 3741 5042 393
1 -3.38524 -9.40809
0 3852 5025 388
1 -3.33007 -9.42879
0 3964 5008 383
1 -3.26925 -9.45083
0 4077 4990 377
1 -3.21041 -9.47039
0 4190 4972 371
1 -3.15023 -9.48969
0 4303 4953 364
1 -3.08921 -9.51028
0 4417 4934 356
1 -3.02934 -9.53124
0 4532 4915 348
1 -2.97109 -9.5482
0 4647 4895 339
1 -2.91029 -9.56507
0 4763 4875 330
1 -2.84939 -9.58505
0 4879 4855 320
1 -2.79016 -9.60289
0 4996 4834 310
1 -2.73187 -9.61968
0 5114 4813 299
1 -2.67055 -9.63681
0 5232 4792 287
1 -2.6063 -9.65521
0 5351 4770 275
1 -2.54805 -9.66994
0 5470 4748 262
1 -2.48587 -9.68546
0 5589 4726 249
1 -2.4249 -9.70122
0 5709 4703 235
1 -2.36598 -9.71512
0 5830 4680 221
1 -2.30421 -9.73142
0 5951 4657 205
1 -2.24224 -9.74512
0 6073 4633 189
1 -2.18126 -9.75831
0 6195 4609 173
1 -2.11969 -9.77248
0 6318 4584 156
1 -2.05968 -9.78569
0 6441 4559 138
1 -1.99899 -9.79572
0 6564 4534 120
1 -1.9358 -9.81144
0 6688 4508 102
1 -1.87356 -9.82213
0 6812 4482 83
1 -1.81228 -9.83559
0 6937 4456 63
1 -1.75035 -9.84637
0 7062 4429 43
1 -1.6891 -9.85445
0 7188 4402 22
1 -1.62744 -9.8651
0 7314 4375 1
1 -1.56489 -9.87573
0 7441 4348 9979
1 -1.50287 -9.88603
0 7568 4320 9956
1 -1.44008 -9.89595
0 7696 4291 9933
1 -1.37829 -9.90467
0 7824 4262 9909
1 -1.31555 -9.91284
0 7952 4233 9885
1 -1.25333 -9.9222
0 8081 4204 9860
1 -1.19128 -9.92961
0 8210 4174 9835
1 -1.12862 -9.93817
0 8340 4144 9809
1 -1.06592 -9.94143
0 8470 4113 9783
1 -1.00481 -9.94963
0 8600 4082 9756
1 -0.942479 -9.95455
0 8731 4051 9728
1 -0.876143 -9.96115
0 8862 4019 9700
1 -0.81545 -9.96657
0 8993 3987 9671
1 -0.754174 -9.97063
0 9125 3955 9642
1 -0.690284 -9.97564
0 9257 3923 9612
1 -0.628376 -9.97927
0 9390 3890 9582
1 -0.56414 -9.98447
0 9523 3857 9551
1 -0.502701 -9.9884
0 9656 3824 9520
1 -0.43955 -9.9908
0 9790 3790 9488
1 -0.377548 -9.9917
0 9924 3756 9455
1 -0.315094 -9.99483
0 58 3721 9422
1 -0.252261 -9.99665
0 193 3686 9389
1 -0.185877 -9.9986
0 328 3651 9355
1 -0.123346 -9.99934
0 463 3616 9320
1 -0.0621449 -9.99938
0 599 3580 9285
1 0.000995617 -10.0006
0 735 3544 9249
1 0.0631996 -10.0004
0 871 3508 9213
1 0.125316 -9.99874
0 1008 3471 9176
1 0.18851 -9.99683
0 1145 3434 9138
1 0.249437 -9.9969
0 1282 3397 9100
1 0.314721 -9.99582
0 1420 3359 9062
1 0.375504 -9.9918
0 1558 3321 9023
1 0.438992 -9.99135
0 1696 3283 8984
1 0.501182 -9.98819
0 1834 3245 8944
1 0.56578 -9.98534
0 1973 3206 8904
1 0.626913 -9.97983
0 2112 3167 8863
1 0.690615 -9.97614
0 2251 3128 8821
1 0.754745 -9.97045
0 2390 3088 8779
1 0.81463 -9.96636
0 2529 3048 8736
1 0.879049 -9.96261
0 2669 3008 8693
1 0.940073 -9.95779
0 2809 2967 8650
1 1.00166 -9.94935
0 2949 2926 8606
1 1.06533 -9.94311
0 3089 2885 8561
1 1.12835 -9.93687
0 3230 2844 8516
1 1.19088 -9.92956
0 3371 2802 8470
1 1.2549 -9.92095
0 3512 2760 8424
1 1.31764 -9.91383
0 3653 2718 8377
1 1.3769 -9.90519
0 3794 2675 8330
1 1.44245 -9.89523
0 3936 2632 8282
1 1.50336 -9.88642
0 4078 2589 8233
1 1.56575 -9.87583
0 4220 2546 8184
1 1.62598 -9.86713
0 4362 2502 8135
1 1.68909 -9.85549
0 4504 2458 8085
1 1.74992 -9.8454
0 4646 2414 8035
1 1.81309 -9.83368
0 4788 2370 7984
1 1.87454 -9.82258
0 4931 2325 7933
1 1.93547 -9.81114
0 5074 2280 7881
1 1.99707 -9.79724
0 5217 2235 7829
1 2.05775 -9.7861
0 5360 2189 7776
1 2.11986 -9.772
0 5503 2143 7723
1 2.18297 -9.75757
0 5646 2097 7669
1 2.24293 -9.74463
0 5790 2051 7615
1 2.30369 -9.73047
0 5934 2005 7560
1 2.36479 -9.71522
0 6078 1958 7505
1 2.42424 -9.70089
0 6222 1911 7450
1 2.48713 -9.68584
0 6366 1864 7394
1 2.54781 -9.67166
0 6510 1817 7337
1 2.60758 -9.6541
0 6654 1770 7280
1 2.66984 -9.63627
0 6798 1722 7223
1 2.728 -9.61769
0 6942 1674 7165
1 2.79042 -9.60289
0 7086 1626 7107
1 2.85049 -9.58652
0 7230 1577 7048
1 2.91083 -9.56681
0 7374 1528 6989
1 2.97192 -9.5502
0 7518 1479 6929
1 3.0295 -9.53064
0 7662 1430 6869
1 3.0905 -9.51052
0 7806 1380 6808
1 3.14935 -9.48921
0 7950 1330 6747
1 3.20847 -9.47126
0 8095 1280 6686
1 3.26849 -9.4505
0 8239 1230 6624
1 3.32851 -9.43039
0 8383 1180 6562
1 3.38587 -9.4078
0 8528 1130 6499
1 3.44667 -9.38654
0 8672 1079 6436
1 3.50595 -9.36434
0 8816 1028 6372
1 3.56497 -9.34255
0 8960 977 6308
1 3.62226 -9.32134
0 9104 926 6243
1 3.68288 -9.29672
0 9248 874 6178
1 3.74133 -9.27427
0 9392 822 6113
1 3.79747 -9.25083
0 9536 770 6048
1 3.85582 -9.22573
0 9680 718 5982
1 3.91266 -9.20331
0 9824 666 5915
1 3.97232 -9.17872
0 9968 613 5848
1 4.02965 -9.15227
0 112 560 5781
1 4.08546 -9.12635
0 256 507 5713
1 4.14235 -9.10313
0 400 454 5645
1 4.20056 -9.07514
0 544 401 5577
1 4.25922 -9.04812
0 688 347 5508
1 4.31635 -9.02018
0 832 293 5439
1 4.37119 -8.99596
0 976 239 5369
1 4.42739 -8.96865
0 1119 185 5299
1 4.48345 -8.93811
0 1263 131 5229
1 4.54055 -8.91218
0 1406 76 5158
1 4.59512 -8.8817
0 1549 22 5087
1 4.65111 -8.85107
0 1692 9967 5016
1 4.70777 -8.82264
0 1835 9912 4944
1 4.76144 -8.7933
0 1977 9856 4872
1 4.81734 -8.76539
0 2120 9801 4800
1 4.87355 -8.73339
0 2263 9745 4727
1 4.92611 -8.70206
0 2405 9689 4653
1 4.98357 -8.66949
0 2547 9633 4580
1 5.03406 -8.63829
0 2689 9577 4506
1 5.09068 -8.6091
0 2831 9521 4432
1 5.14318 -8.57557
0 2972 9465 4357
1 5.19741 -8.54204
0 3113 9409 4282
1 5.2518 -8.51085
0 3254 9353 4207
1 5.30796 -8.47654
0 3395 9296 4131
1 5.35831 -8.44237
0 3536 9239 4055
1 5.41199 -8.4075
0 3676 9182 3979
1 5.46317 -8.37558
0 3817 9125 3902
1 5.51634 -8.34147
0 3957 9068 3825
1 5.56751 -8.30713
0 4097 9011 3747
1 5.62039 -8.27254
0 4237 8953 3669
1 5.67286 -8.2355
0 4376 8895 3591
1 5.72357 -8.20059
0 4515 8837 3513
1 5.77506 -8.16353
0 4654 8779 3434
1 5.82706 -8.12659
0 4793 8721 3355
1 5.87954 -8.08979
0 4931 8663 3276
1 5.92825 -8.05351
0 5069 8605 3196
1 5.97913 -8.01569
0 5207 8546 3116
1 6.03067 -7.97592
0 5345 8487 3036
1 6.0781 -7.94106
0 5482 8428 2956
1 6.12708 -7.90001
0 5619 8369 2875
1 6.17788 -7.86407
0 5755 8310 2794
1 6.22848 -7.82382
0 5892 8251 2713
1 6.27654 -7.78364
0 6028 8192 2631
1 6.32717 -7.74652
0 6164 8133 2549
1 6.37521 -7.70546
0 6300 8073 2467
1 6.42288 -7.66544
0 6436 8014 2385
1 6.47238 -7.6251
0 6571 7954 2302
1 6.51658 -7.58284
0 6706 7895 2219
1 6.56706 -7.54335
0 6841 7835 2136
1 6.61338 -7.49998
0 6975 7775 2053
1 6.66089 -7.45992
0 7108 7715 1969
1 6.70602 -7.4184
0 7241 7655 1885
1 6.7516 -7.3751
0 7374 7595 1801
1 6.79921 -7.33299
0 7507 7535 1717
1 6.84433 -7.28796
0 7639 7475 1632
1 6.89065 -7.2469
0 7771 7415 1547
1 6.93715 -7.20304
0 7903 7355 1462
1 6.98303 -7.16039
0 8034 7294 1377
1 7.02601 -7.11718
0 8165 7234 1291
1 7.07028 -7.07033
0 8296 7174 1205
1 7.11327 -7.02682
0 8426 7113 1119
1 7.15924 -6.98139
0 8556 7053 1033
1 7.20271 -6.93632
0 8686 6992 947
1 7.24669 -6.89243
0 8815 6931 861
1 7.28935 -6.84493
0 8943 6871 774
1 7.33401 -6.79906
0 9071 6810 687
1 7.37548 -6.7525
0 9199 6749 600
1 7.41903 -6.70618
0 9326 6688 513
1 7.46056 -6.65914
0 9453 6627 425
1 7.50034 -6.61183
0 9579 6566 337
1 7.54294 -6.56592
0 9705 6505 249
1 7.5836 -6.51927
0 9831 6444 161
1 7.62582 -6.47027
0 9956 6383 73
1 7.66493 -6.42118
0 81 6322 9985
1 7.70435 -6.37441
0 205 6261 9897
1 7.74499 -6.32555
0 328 6200 9808
1 7.78587 -6.27663
0 451 6139 9719
1 7.82396 -6.22958
0 574 6078 9630
1 7.86106 -6.17805
0 696 6017 9541
1 7.90218 -6.12798
0 817 5956 9452
1 7.93945 -6.07961
0 938 5895 9362
1 7.97874 -6.02895
0 1059 5834 9273
1 8.01776 -5.97966
0 1179 5773 9183
1 8.05268 -5.92773
0 1299 5711 9093
1 8.08787 -5.87775
0 1418 5650 9003
1 8.12681 -5.82528
0 1537 5589 8913
1 8.1636 -5.77487
0 1655 5528 8823
1 8.2002 -5.72522
0 1773 5467 8733
1 8.23664 -5.67231
0 1890 5406 8642
1 8.2694 -5.62094
0 2007 5345 8551
1 8.30455 -5.56843
0 2123 5284 8460
1 8.33926 -5.51787
0 2238 5223 8369
1 8.37416 -5.46593
0 2353 5162 8278
1 8.40812 -5.41118
0 2467 5101 8187
1 8.44343 -5.35854
0 2580 5040 8096
1 8.47709 -5.30569
0 2693 4979 8005
1 8.50765 -5.25216
0 2806 4918 7914
1 8.54296 -5.20013
0 2918 4857 7822
1 8.57448 -5.14528
0 3029 4796 7730
1 8.60863 -5.08956
0 3140 4735 7638
1 8.63847 -5.03744
0 3251 4674 7546
1 8.67115 -4.98116
0 3361 4613 7454
1 8.70044 -4.92786
0 3470 4552 7362
1 8.73338 -4.874
0 3579 4491 7270
1 8.76235 -4.81912
0 3687 4430 7178
1 8.79155 -4.76248
0 3795 4370 7086
1 8.82327 -4.70689
0 3902 4309 6994
1 8.85219 -4.6515
0 4008 4249 6902
1 8.88152 -4.59743
0 4114 4189 6810
1 8.90888 -4.53975
0 4219 4129 6718
1 8.93649 -4.48383
0 4323 4069 6625
1 8.96659 -4.42771
0 4427 4009 6533
1 8.99437 -4.3733
0 4530 3949 6441
1 9.02123 -4.31264
0 4632 3889 6349
1 9.04624 -4.25831
0 4733 3829 6257
1 9.07414 -4.20093
0 4834 3769 6165
1 9.10165 -4.14427
0 4934 3709 6072
1 9.12636 -4.08717
0 5034 3649 5980
1 9.15299 -4.03005
0 5133 3589 5888
1 9.17737 -3.97219
0 5231 3529 5796
1 9.203 -3.91411
0 5329 3469 5704
1 9.2255 -3.85577
0 5426 3410 5611
1 9.25107 -3.80003
0 5522 3351 5518
1 9.27564 -3.73841
0 5618 3292 5426
1 9.29667 -3.68155
0 5713 3233 5334
1 9.32101 -3.62309
0 5807 3174 5241
1 9.34418 -3.56484
0 5901 3115 5148
1 9.36624 -3.50543
0 5994 3056 5056
1 9.388 -3.44617
0 6086 2998 4964
1 9.40717 -3.38697
0 6178 2939 4871
1 9.4307 -3.3276
0 6269 2881 4778
1 9.44841 -3.2687
0 6359 2823 4686
1 9.47021 -3.20835
0 6448 2765 4594
1 9.49118 -3.14962
0 6536 2707 4502
1 9.51142 -3.0898
0 6624 2649 4410
1 9.52959 -3.03103
0 6711 2591 4318
1 9.54791 -2.96928
0 6798 2533 4226
1 9.56751 -2.909
0 6884 2475 4134
1 9.58364 -2.84975
0 6969 2418 4042
1 9.60018 -2.79156
0 7053 2361 3950
1 9.61989 -2.72874
0 7137 2304 3858
1 9.63903 -2.66903
0 7220 2247 3767
1 9.65369 -2.6059
0 7302 2190 3675
1 9.67051 -2.54771
0 7383 2133 3583
1 9.68549 -2.48606
0 7463 2077 3491
1 9.70179 -2.42534
0 7543 2021 3399
1 9.71617 -2.36583
0 7622 1965 3308
1 9.73236 -2.30335
0 7700 1909 3217
1 9.74507 -2.24449
0 7777 1853 3126
1 9.75784 -2.18042
0 7854 1797 3035
1 9.77293 -2.12107
0 7930 1741 2944
1 9.78448 -2.05919
0 8005 1685 2853
1 9.79975 -1.99803
0 8080 1630 2762
1 9.81152 -1.93676
0 8154 1575 2671
1 9.82095 -1.87305
0 8227 1520 2581
1 9.83426 -1.81434
0 8299 1465 2491
1 9.8471 -1.75053
0 8370 1410 2401
1 9.85606 -1.68891
0 8441 1355 2311
1 9.86742 -1.62549
0 8511 1301 2221
1 9.87725 -1.56364
0 8580 1246 2131
1 9.88792 -1.50243
0 8648 1192 2041
1 9.89703 -1.43995
0 8715 1138 1951
1 9.90612 -1.37746
0 8782 1084 1862
1 9.91351 -1.3157
0 8848 1030 1773
1 9.92106 -1.25477
0 8913 977 1684
1 9.92841 -1.19075
0 8977 924 1595
1 9.93718 -1.12892
0 9041 871 1506
1 9.94239 -1.06699
0 9103 818 1417
1 9.94747 -1.00312
0 9165 765 1328
1 9.95794 -0.939228
0 9226 713 1240
1 9.96073 -0.879212
0 9286 661 1152
1 9.9674 -0.816152
0 9345 609 1064
1 9.97259 -0.755035
0 9403 557 977
1 9.97686 -0.690241
0 9460 506 890
1 9.97855 -0.628659
0 9517 454 803
1 9.98635 -0.564743
0 9573 403 716
1 9.98662 -0.50237
0 9628 352 629
1 9.98949 -0.438935
0 9682 301 542
1 9.99311 -0.377016
0 9735 251 456
1 9.9938 -0.315095
0 9787 201 370
1 9.99606 -0.25209
0 9839 150 284
1 9.99948 -0.187221
0 9890 100 198
1 9.99733 -0.125074
0 9890 100 198
1 10.0008 -0.0632471
2
