0 20 9991 9987
0 40 9982 9974
0 61 9973 9961
0 81 9964 9948
0 102 9955 9935
0 122 9946 9922
0 143 9937 9909
0 163 9928 9896
0 183 9919 9883
0 203 9910 9870
0 223 9901 9857
0 243 9892 9844
0 264 9883 9831
0 284 9874 9818
0 304 9865 9805
0 325 9856 9792
0 345 9847 9779
0 365 9838 9766
0 386 9829 9753
0 406 9820 9740
0 426 9811 9727
0 447 9802 9714
0 467 9793 9701
0 488 9784 9688
0 509 9775 9675
0 529 9766 9662
0 549 9757 9649
0 569 9748 9636
0 589 9739 9623
0 609 9730 9610
0 629 9721 9597
0 649 9712 9584
0 669 9703 9571
0 689 9694 9558
0 710 9685 9545
0 730 9676 9532
0 750 9667 9519
0 770 9658 9506
0 791 9649 9493
0 811 9640 9480
0 831 9631 9467
0 852 9622 9454
0 872 9613 9441
0 892 9604 9428
0 912 9595 9415
0 933 9586 9402
0 954 9577 9389
0 974 9568 9376
0 995 9559 9363
0 1015 9550 9350
0 1035 9541 9337
0 1056 9532 9324
0 1076 9523 9311
0 1097 9514 9298
0 1117 9505 9285
0 1137 9496 9272
0 1157 9487 9259
0 1177 9478 9246
0 1197 9469 9233
0 1217 9460 9220
0 1237 9451 9207
0 1257 9442 9194
0 1278 9433 9181
0 1298 9424 9168
0 1318 9415 9155
0 1338 9406 9142
0 1358 9397 9129
0 1378 9388 9116
0 1399 9379 9103
0 1419 9370 9090
0 1439 9361 9077
0 1459 9352 9064
0 1479 9343 9051
0 1499 9334 9038
0 1519 9325 9025
0 1539 9316 9012
0 1559 9307 8999
0 1579 9298 8986
0 1599 9289 8973
0 1619 9280 8960
0 1639 9271 8947
0 1659 9262 8934
0 1679 9253 8921
0 1699 9244 8908
0 1720 9234 8895
0 1741 9225 8882
0 1761 9216 8869
0 1781 9207 8856
0 1802 9198 8843
0 1822 9189 8830
0 1842 9180 8817
0 1862 9171 8804
0 1882 9162 8791
0 1902 9153 8778
0 1922 9144 8765
0 1943 9135 8752
0 1964 9126 8739
0 1985 9117 8726
0 2005 9108 8713
0 2025 9099 8700
0 2045 9090 8687
0 2066 9081 8674
0 2086 9072 8661
0 2106 9063 8648
0 2126 9054 8635
0 2146 9045 8622
0 2166 9036 8609
0 2187 9027 8596
0 2207 9018 8583
0 2227 9009 8570
0 2248 9000 8557
0 2268 8991 8544
0 2288 8982 8531
0 2308 8973 8518
0 2329 8964 8505
0 2349 8955 8492
0 2370 8946 8479
0 2390 8937 8466
0 2410 8928 8453
0 2430 8919 8440
0 2450 8910 8427
0 2470 8901 8414
0 2491 8892 8401
0 2511 8883 8388
0 2531 8874 8375
0 2551 8865 8362
0 2571 8856 8349
0 2592 8847 8336
0 2613 8838 8323
0 2634 8829 8310
0 2654 8820 8297
0 2675 8811 8284
0 2695 8802 8271
0 2715 8793 8258
0 2735 8784 8245
0 2756 8775 8232
0 2776 8766 8219
0 2796 8757 8206
0 2816 8748 8193
0 2836 8739 8180
0 2857 8730 8167
0 2877 8721 8154
0 2897 8712 8141
0 2917 8703 8128
0 2937 8694 8115
0 2957 8685 8102
0 2977 8676 8089
0 2998 8667 8076
0 3018 8658 8063
0 3039 8649 8049
0 3060 8640 8036
0 3080 8631 8023
0 3101 8622 8010
0 3121 8613 7997
0 3142 8604 7984
0 3162 8595 7971
0 3183 8586 7958
0 3203 8577 7945
0 3223 8568 7932
0 3244 8559 7919
0 3264 8550 7906
0 3284 8541 7893
0 3305 8532 7880
0 3325 8523 7867
0 3345 8514 7854
0 3365 8505 7841
0 3386 8496 7828
0 3407 8487 7815
0 3428 8478 7802
0 3448 8469 7789
0 3469 8460 7776
0 3490 8451 7763
0 3511 8442 7750
0 3531 8433 7737
0 3551 8424 7724
0 3572 8415 7711
0 3592 8405 7698
0 3612 8396 7685
0 3632 8387 7672
0 3652 8378 7658
0 3672 8369 7645
0 3693 8360 7632
0 3713 8351 7619
0 3733 8342 7606
0 3753 8333 7593
0 3773 8324 7580
0 3793 8315 7567
0 3814 8306 7554
0 3834 8297 7541
0 3855 8288 7528
0 3875 8279 7515
0 3895 8270 7502
0 3915 8261 7489
0 3935 8252 7476
0 3956 8243 7463
0 3977 8234 7450
0 3998 8225 7437
0 4018 8216 7424
0 4038 8207 7411
0 4058 8198 7398
0 4078 8189 7385
0 4098 8180 7372
0 4119 8171 7359
0 4140 8162 7346
0 4161 8152 7333
0 4181 8143 7320
0 4201 8134 7307
0 4221 8125 7294
0 4242 8116 7281
0 4262 8107 7268
0 4283 8098 7255
0 4303 8089 7242
0 4323 8080 7229
0 4343 8071 7216
0 4363 8062 7203
0 4384 8053 7190
0 4404 8044 7177
0 4425 8035 7164
0 4445 8026 7151
0 4465 8017 7138
0 4485 8008 7125
0 4505 7999 7112
0 4525 7990 7099
0 4546 7981 7086
0 4566 7972 7073
0 4586 7963 7060
0 4606 7954 7047
0 4627 7945 7034
0 4647 7936 7021
0 4667 7927 7008
0 4687 7918 6995
0 4708 7909 6982
0 4729 7900 6969
0 4749 7891 6956
0 4769 7882 6943
0 4789 7873 6930
0 4809 7864 6917
0 4830 7855 6904
0 4850 7846 6891
0 4870 7837 6878
0 4891 7828 6865
0 4911 7819 6852
0 4932 7810 6839
0 4952 7801 6826
0 4972 7792 6813
0 4992 7783 6800
0 5012 7774 6787
0 5033 7765 6774
0 5053 7756 6761
0 5073 7747 6748
0 5093 7738 6735
0 5113 7729 6722
0 5134 7720 6709
0 5154 7710 6696
0 5175 7701 6683
0 5195 7692 6670
0 5216 7683 6657
0 5236 7674 6644
0 5256 7665 6631
0 5276 7656 6618
0 5297 7647 6605
0 5317 7638 6592
0 5337 7629 6579
0 5357 7620 6566
0 5377 7611 6553
0 5397 7602 6540
0 5417 7593 6527
0 5437 7584 6514
0 5457 7574 6501
0 5477 7565 6488
0 5497 7556 6475
0 5517 7547 6462
0 5537 7538 6449
0 5558 7529 6436
0 5579 7520 6423
0 5599 7511 6410
0 5620 7502 6397
0 5640 7493 6384
0 5660 7484 6371
0 5680 7475 6358
0 5700 7466 6344
0 5720 7457 6331
0 5740 7448 6318
0 5760 7439 6305
0 5781 7430 6292
0 5802 7421 6279
0 5823 7412 6266
0 5843 7403 6253
0 5863 7394 6240
0 5884 7385 6227
0 5905 7376 6214
0 5925 7367 6201
0 5945 7358 6188
0 5965 7349 6175
0 5986 7340 6162
0 6006 7331 6149
0 6026 7322 6136
0 6046 7313 6123
0 6066 7304 6110
0 6086 7295 6097
0 6106 7286 6084
0 6126 7277 6071
0 6146 7268 6058
0 6166 7259 6045
0 6186 7250 6032
0 6206 7241 6019
0 6226 7232 6006
0 6247 7223 5993
0 6267 7214 5980
0 6287 7205 5967
0 6307 7196 5954
0 6328 7187 5941
0 6348 7178 5928
0 6369 7169 5915
0 6389 7160 5902
0 6409 7151 5889
0 6429 7142 5876
0 6449 7133 5863
0 6469 7124 5850
0 6489 7115 5837
0 6510 7106 5824
0 6530 7097 5811
0 6550 7088 5798
0 6570 7079 5785
0 6591 7070 5772
0 6612 7061 5759
0 6632 7052 5746
0 6652 7043 5733
0 6672 7034 5720
0 6693 7025 5707
0 6714 7016 5694
0 6734 7007 5681
0 6754 6998 5668
0 6774 6989 5655
0 6794 6980 5642
0 6815 6971 5629
0 6835 6962 5616
0 6855 6953 5603
0 6875 6944 5590
0 6896 6935 5577
0 6916 6926 5564
0 6937 6917 5551
0 6957 6908 5538
0 6977 6899 5525
0 6997 6890 5512
0 7018 6881 5499
0 7038 6872 5486
0 7059 6863 5473
0 7079 6854 5460
0 7099 6845 5447
0 7120 6836 5434
0 7141 6827 5421
0 7161 6818 5408
0 7181 6809 5395
0 7202 6800 5382
0 7222 6791 5369
0 7242 6782 5356
0 7262 6773 5343
0 7282 6764 5330
0 7302 6755 5317
0 7322 6746 5304
0 7343 6737 5291
0 7364 6728 5278
0 7385 6719 5265
0 7405 6710 5252
0 7425 6701 5239
0 7445 6692 5226
0 7465 6683 5213
0 7486 6674 5200
0 7507 6665 5187
0 7527 6656 5173
0 7547 6647 5160
0 7567 6638 5147
0 7587 6629 5134
0 7607 6620 5121
0 7627 6611 5108
0 7647 6602 5095
0 7668 6593 5082
0 7689 6584 5069
0 7709 6575 5056
0 7729 6566 5043
0 7750 6557 5030
0 7770 6548 5017
0 7790 6539 5004
0 7811 6530 4991
0 7831 6521 4978
0 7851 6512 4965
0 7871 6503 4952
0 7891 6494 4939
0 7911 6485 4926
0 7931 6476 4913
0 7952 6467 4900
0 7972 6458 4887
0 7992 6449 4874
0 8013 6440 4861
0 8034 6430 4848
0 8055 6421 4835
0 8075 6411 4822
0 8096 6402 4809
0 8117 6393 4796
0 8138 6384 4783
0 8158 6375 4769
0 8178 6366 4756
0 8199 6357 4743
0 8219 6348 4730
0 8239 6339 4717
0 8259 6330 4704
0 8279 6321 4691
0 8299 6312 4678
0 8320 6303 4665
0 8340 6294 4652
0 8361 6285 4639
0 8381 6276 4626
0 8401 6267 4613
0 8421 6258 4600
0 8441 6249 4587
0 8461 6240 4574
0 8481 6231 4561
0 8501 6222 4548
0 8521 6213 4535
0 8541 6204 4522
0 8561 6195 4509
0 8581 6186 4496
0 8601 6177 4483
0 8621 6168 4470
0 8641 6159 4457
0 8662 6150 4444
0 8682 6141 4431
0 8702 6132 4418
0 8723 6122 4405
0 8743 6113 4392
0 8763 6104 4379
0 8784 6095 4366
0 8804 6086 4353
0 8824 6077 4340
0 8845 6068 4327
0 8865 6059 4314
0 8885 6050 4301
0 8905 6041 4288
0 8926 6032 4275
0 8946 6023 4262
0 8966 6014 4249
0 8987 6005 4236
0 9007 5996 4223
0 9027 5987 4210
0 9047 5978 4197
0 9067 5969 4184
0 9087 5960 4171
0 9107 5951 4158
0 9127 5942 4145
0 9147 5933 4132
0 9167 5924 4119
0 9187 5915 4106
0 9208 5906 4093
0 9228 5897 4080
0 9248 5888 4067
0 9269 5879 4054
0 9290 5870 4041
0 9311 5861 4028
0 9331 5852 4015
0 9351 5843 4002
0 9372 5834 3989
0 9392 5825 3976
0 9413 5816 3963
0 9433 5807 3950
0 9453 5798 3937
0 9474 5789 3924
0 9494 5780 3911
0 9514 5771 3898
0 9534 5762 3885
0 9555 5753 3872
0 9575 5744 3859
0 9596 5735 3846
0 9616 5726 3833
0 9636 5717 3820
0 9656 5708 3807
0 9676 5699 3794
0 9697 5690 3781
0 9718 5681 3768
0 9738 5672 3755
0 9758 5663 3742
0 9779 5654 3729
0 9799 5645 3716
0 9819 5636 3703
0 9839 5627 3690
0 9860 5618 3677
0 9880 5609 3664
0 9900 5600 3651
0 9920 5591 3638
0 9940 5582 3625
0 9960 5573 3612
0 9980 5563 3598
0 0 5553 3585
0 20 5544 3572
0 40 5535 3559
0 60 5526 3546
0 80 5517 3533
0 100 5508 3520
0 120 5499 3507
0 140 5489 3494
0 161 5480 3481
0 182 5471 3468
0 202 5462 3455
0 222 5453 3442
0 243 5444 3429
0 263 5435 3416
0 284 5426 3403
0 304 5417 3390
0 325 5408 3376
0 345 5399 3363
0 366 5390 3350
0 386 5381 3337
0 406 5372 3324
0 426 5363 3311
0 446 5354 3298
0 467 5345 3285
0 488 5336 3272
0 508 5327 3259
0 528 5318 3246
0 548 5309 3233
0 568 5300 3220
0 588 5291 3207
0 608 5282 3194
0 629 5273 3181
0 649 5264 3168
0 669 5255 3155
0 690 5246 3142
0 710 5237 3129
0 730 5228 3116
0 750 5219 3103
0 771 5210 3090
0 792 5200 3077
0 812 5191 3064
0 832 5182 3051
0 852 5173 3038
0 872 5164 3025
0 893 5155 3012
0 913 5146 2999
0 934 5137 2986
0 954 5128 2973
0 974 5119 2960
0 994 5110 2947
0 1014 5101 2934
0 1034 5092 2921
0 1055 5083 2908
0 1076 5074 2895
0 1096 5065 2882
0 1116 5056 2869
0 1136 5046 2856
0 1157 5037 2843
0 1177 5028 2830
0 1197 5019 2817
0 1217 5010 2804
0 1237 5001 2791
0 1257 4992 2778
0 1277 4983 2765
0 1298 4974 2752
0 1319 4965 2739
0 1340 4956 2726
0 1360 4947 2713
0 1380 4938 2700
0 1400 4929 2687
0 1420 4920 2674
0 1440 4911 2661
0 1460 4902 2648
0 1481 4893 2634
0 1502 4884 2621
0 1522 4875 2608
0 1542 4866 2595
0 1562 4857 2582
0 1583 4848 2569
0 1603 4839 2556
0 1624 4830 2543
0 1644 4821 2530
0 1665 4812 2517
0 1685 4803 2504
0 1706 4794 2490
0 1727 4785 2477
0 1748 4776 2464
0 1768 4767 2451
0 1789 4758 2438
0 1809 4749 2425
0 1830 4740 2412
0 1850 4731 2399
0 1870 4722 2386
0 1890 4713 2373
0 1911 4704 2360
0 1932 4695 2347
0 1952 4686 2334
0 1972 4677 2321
0 1993 4668 2308
0 2014 4659 2295
0 2034 4650 2282
0 2055 4641 2269
0 2075 4632 2256
0 2095 4623 2243
0 2115 4614 2230
0 2136 4605 2217
0 2156 4596 2204
0 2176 4587 2191
0 2196 4578 2178
0 2216 4569 2165
0 2236 4560 2152
0 2256 4551 2139
0 2277 4542 2125
0 2297 4533 2112
0 2317 4524 2099
0 2338 4515 2086
0 2358 4506 2073
0 2379 4497 2060
0 2399 4488 2047
0 2419 4479 2034
0 2439 4470 2021
0 2459 4461 2008
0 2480 4452 1995
0 2500 4443 1982
0 2520 4434 1969
0 2541 4425 1956
0 2561 4416 1943
0 2581 4407 1930
0 2601 4398 1917
0 2622 4389 1904
0 2643 4380 1891
0 2663 4371 1878
0 2684 4362 1865
0 2704 4353 1852
0 2725 4344 1839
0 2745 4335 1826
0 2766 4326 1813
0 2786 4317 1800
0 2807 4308 1787
0 2827 4299 1774
0 2848 4290 1761
0 2869 4281 1748
0 2890 4272 1735
0 2910 4263 1722
0 2930 4254 1709
0 2950 4245 1696
0 2970 4236 1683
0 2990 4227 1670
0 3010 4218 1657
0 3031 4209 1644
0 3051 4200 1631
0 3072 4191 1617
0 3092 4182 1604
0 3112 4173 1591
0 3132 4164 1578
0 3153 4155 1565
0 3174 4146 1552
0 3195 4137 1539
0 3215 4128 1526
0 3235 4119 1513
0 3255 4110 1500
0 3276 4101 1487
0 3296 4092 1474
0 3316 4083 1461
0 3336 4074 1448
0 3356 4065 1435
0 3377 4056 1422
0 3398 4047 1409
0 3419 4038 1396
0 3439 4029 1383
0 3460 4020 1370
0 3480 4011 1357
0 3500 4002 1344
0 3520 3993 1331
0 3541 3984 1318
0 3561 3975 1305
0 3582 3966 1292
0 3602 3957 1279
0 3622 3948 1266
0 3642 3939 1253
0 3663 3930 1240
0 3683 3921 1227
0 3703 3912 1214
0 3723 3903 1201
0 3743 3894 1188
0 3764 3885 1175
0 3784 3876 1162
0 3804 3867 1149
0 3824 3858 1136
0 3844 3849 1123
0 3864 3840 1110
0 3885 3831 1097
0 3905 3822 1084
0 3925 3813 1071
0 3945 3804 1058
0 3966 3795 1045
0 3986 3786 1032
0 4006 3777 1019
0 4026 3768 1006
0 4047 3759 993
0 4067 3750 980
0 4088 3741 967
0 4108 3732 954
0 4129 3723 941
0 4149 3714 928
0 4170 3705 915
0 4190 3696 902
0 4210 3687 889
0 4231 3678 876
0 4251 3669 863
0 4271 3660 850
0 4291 3651 837
0 4312 3642 824
0 4332 3633 811
0 4352 3624 798
0 4372 3615 785
0 4393 3606 772
0 4413 3597 759
0 4433 3588 746
0 4453 3579 733
0 4474 3570 720
0 4495 3561 707
0 4516 3552 694
0 4536 3543 681
0 4556 3534 668
0 4576 3524 655
0 4596 3515 642
0 4617 3506 629
0 4637 3497 616
0 4657 3488 603
0 4678 3479 590
0 4698 3470 577
0 4718 3461 564
0 4739 3452 551
0 4760 3443 538
0 4780 3434 525
0 4800 3425 512
0 4820 3416 499
0 4840 3407 486
0 4860 3398 473
0 4880 3389 460
0 4901 3380 447
0 4921 3371 434
0 4941 3362 421
0 4961 3353 408
0 4982 3344 395
0 5003 3335 382
0 5024 3326 369
0 5044 3317 356
0 5065 3308 343
0 5085 3299 330
0 5105 3290 317
0 5125 3281 304
0 5145 3272 291
0 5165 3263 278
0 5185 3254 265
0 5205 3244 252
0 5225 3235 239
0 5245 3226 226
0 5265 3217 213
0 5286 3208 200
0 5306 3199 187
0 5326 3190 174
0 5346 3181 161
0 5367 3172 148
0 5387 3163 135
0 5407 3154 122
0 5428 3145 109
0 5448 3136 96
0 5468 3127 83
0 5489 3118 70
0 5509 3109 57
0 5530 3100 44
0 5551 3091 31
0 5571 3082 18
0 5592 3073 5
0 5613 3064 9992
0 5633 3055 9979
0 5653 3046 9966
0 5674 3037 9953
0 5695 3028 9940
0 5715 3019 9927
0 5735 3010 9914
0 5755 3001 9901
0 5775 2992 9888
0 5795 2983 9875
0 5815 2974 9862
0 5836 2965 9849
0 5857 2956 9836
0 5877 2947 9823
0 5898 2938 9810
0 5918 2929 9797
0 5938 2920 9784
0 5958 2911 9771
0 5978 2902 9758
0 5998 2893 9745
0 6018 2884 9732
0 6038 2875 9719
0 6058 2866 9706
0 6078 2857 9693
0 6098 2848 9680
0 6118 2839 9667
0 6139 2830 9654
0 6160 2821 9641
0 6180 2812 9628
0 6200 2803 9615
0 6220 2794 9602
0 6241 2785 9589
0 6262 2776 9576
0 6282 2767 9563
0 6303 2758 9550
0 6323 2749 9537
0 6343 2740 9524
0 6363 2731 9511
0 6383 2721 9498
0 6403 2712 9485
0 6423 2703 9472
0 6444 2694 9459
0 6465 2684 9446
0 6485 2675 9433
0 6505 2666 9420
0 6526 2657 9407
0 6546 2648 9394
0 6567 2639 9381
0 6587 2630 9368
0 6607 2621 9355
0 6628 2612 9342
0 6649 2603 9329
0 6670 2594 9316
0 6690 2585 9303
0 6711 2576 9290
0 6732 2567 9277
0 6752 2558 9264
0 6772 2549 9251
0 6792 2540 9238
0 6812 2531 9225
0 6832 2522 9212
0 6853 2513 9199
0 6873 2504 9186
0 6893 2495 9173
0 6914 2486 9160
0 6934 2477 9147
0 6955 2468 9134
0 6976 2459 9121
0 6997 2450 9108
0 7018 2441 9095
0 7039 2432 9082
0 7059 2423 9069
0 7080 2414 9056
0 7101 2405 9043
0 7121 2396 9030
0 7141 2387 9017
0 7162 2378 9004
0 7182 2369 8991
0 7202 2360 8978
0 7222 2351 8965
0 7242 2342 8952
0 7262 2333 8939
0 7282 2324 8926
0 7302 2315 8913
0 7322 2306 8900
0 7342 2297 8887
0 7362 2288 8874
0 7382 2279 8861
0 7402 2270 8848
0 7423 2261 8835
0 7444 2252 8822
0 7465 2243 8809
0 7485 2234 8796
0 7505 2225 8783
0 7526 2216 8770
0 7547 2207 8757
0 7567 2198 8744
0 7588 2189 8731
0 7608 2180 8718
0 7628 2170 8705
0 7649 2161 8692
0 7669 2152 8679
0 7690 2143 8666
0 7711 2134 8653
0 7731 2125 8640
0 7751 2116 8627
0 7772 2107 8614
0 7792 2098 8601
0 7813 2089 8588
0 7833 2080 8575
0 7853 2071 8562
0 7874 2062 8549
0 7894 2053 8536
0 7914 2044 8523
0 7935 2035 8510
0 7955 2026 8497
0 7976 2017 8484
0 7996 2008 8471
0 8017 1999 8458
0 8038 1990 8445
0 8058 1981 8432
0 8079 1972 8419
0 8099 1963 8406
0 8119 1954 8393
0 8139 1945 8380
0 8159 1936 8367
0 8180 1927 8354
0 8200 1918 8341
0 8221 1909 8328
0 8241 1900 8315
0 8261 1891 8302
0 8282 1882 8289
0 8303 1873 8276
0 8323 1864 8263
0 8343 1854 8250
0 8364 1845 8237
0 8385 1836 8224
0 8406 1827 8211
0 8427 1818 8198
0 8447 1809 8185
0 8468 1800 8172
0 8488 1791 8159
0 8509 1782 8146
0 8529 1773 8133
0 8549 1764 8120
0 8569 1755 8107
0 8589 1746 8094
0 8609 1737 8081
0 8629 1728 8068
0 8649 1719 8055
0 8669 1710 8042
0 8689 1700 8029
0 8710 1691 8016
0 8730 1682 8003
0 8750 1673 7990
0 8770 1664 7977
0 8790 1655 7964
0 8810 1646 7951
0 8831 1637 7938
0 8851 1628 7925
0 8872 1619 7912
0 8892 1610 7899
0 8912 1601 7886
0 8932 1592 7873
0 8952 1583 7860
0 8972 1574 7847
0 8992 1565 7834
0 9012 1555 7821
0 9033 1546 7808
0 9053 1537 7795
0 9074 1528 7782
0 9095 1519 7769
0 9115 1510 7756
0 9136 1501 7743
0 9156 1492 7730
0 9176 1483 7717
0 9196 1474 7704
0 9216 1465 7691
0 9236 1456 7678
0 9257 1447 7665
0 9277 1438 7652
0 9297 1429 7639
0 9317 1420 7626
0 9337 1411 7613
0 9357 1402 7600
0 9378 1393 7587
0 9398 1384 7574
0 9418 1375 7561
0 9439 1366 7548
0 9459 1357 7535
0 9480 1348 7522
0 9500 1339 7509
0 9520 1330 7496
0 9540 1321 7483
0 9560 1312 7470
0 9581 1303 7457
0 9601 1294 7444
0 9622 1285 7431
0 9643 1276 7418
0 9663 1267 7405
0 9683 1258 7392
0 9703 1249 7379
0 9724 1240 7366
0 9744 1231 7353
0 9764 1222 7340
0 9784 1213 7327
0 9804 1204 7314
0 9824 1195 7301
0 9844 1186 7288
0 9864 1177 7275
0 9884 1168 7262
0 9904 1159 7249
0 9924 1150 7236
0 9944 1141 7223
0 9964 1132 7210
0 9984 1123 7197
0 4 1114 7184
0 24 1105 7171
0 44 1096 7158
0 64 1087 7145
0 84 1078 7132
0 104 1069 7119
0 124 1060 7106
0 144 1051 7093
0 164 1042 7080
0 184 1033 7067
0 204 1024 7054
0 224 1015 7041
0 244 1006 7028
0 264 996 7015
0 264 996 7015
2
