0 4871 995035 991434
0 9656 990093 982891
0 14355 985174 974372
0 18968 980278 965876
0 23495 975406 957404
0 27935 970558 948957
0 32288 965734 940534
0 36554 960934 932136
0 40733 956158 923764
0 44825 951407 915417
1 9.98027 0.627905
0 48830 946680 907096
0 52747 941978 898802
0 56576 937301 890534
0 60317 932650 882293
0 63970 928024 874079
0 67535 923424 865893
0 71012 918850 857735
0 74400 914302 849605
0 77700 909780 841504
0 80911 905284 833432
1 9.92115 1.25333
0 84033 900815 825389
0 87066 896373 817376
0 90010 891958 809392
0 92865 887570 801439
0 95631 883209 793516
0 98307 878875 785624
0 100894 874569 777763
0 103391 870291 769933
0 105798 866041 762135
0 108116 861819 754369
1 9.82287 1.87381
0 110344 857625 746635
0 112482 853459 738934
0 114530 849322 731266
0 116487 845214 723631
0 118354 841135 716030
0 120131 837085 708463
0 121817 833064 700930
0 123413 829072 693431
0 124919 825110 685967
0 126334 821178 678538
1 9.68583 2.4869
0 127658 817276 671144
0 128892 813404 663786
0 130035 809562 656464
0 131087 805750 649178
0 132048 801969 641929
0 132918 798218 634716
0 133698 794498 627541
0 134387 790809 620403
0 134985 787151 613303
0 135492 783524 606240
1 9.51057 3.09017
0 135908 779929 599216
0 136233 776365 592230
0 136467 772833 585283
0 136610 769333 578375
0 136662 765865 571506
0 136624 762429 564677
0 136494 759025 557888
0 136273 755653 551139
0 135961 752314 544430
0 135558 749007 537762
1 9.29776 3.68125
0 135064 745733 531135
0 134479 742492 524549
0 133803 739284 518004
0 133037 736109 511501
0 132180 732967 505040
0 131232 729858 498621
0 130193 726783 492244
0 129063 723742 485910
0 127842 720734 479619
0 126531 717760 473371
1 9.04827 4.25779
0 125129 714820 467167
0 123636 711914 461006
0 122053 709042 454889
0 120379 706205 448816
0 118615 703402 442788
0 116761 700634 436804
0 114816 697900 430865
0 112781 695201 424971
0 110656 692537 419123
0 108441 689908 413320
1 8.76307 4.81754
0 106136 687314 407563
0 103741 684755 401852
0 101257 682231 396187
0 98683 679743 390569
0 96019 677290 384998
0 93266 674873 379474
0 90424 672491 373997
0 87493 670145 368567
0 84472 667835 363185
0 81362 665561 357850
1 8.44328 5.35827
0 78164 663323 352563
0 74877 661121 347325
0 71501 658955 342135
0 68037 656825 336994
0 64484 654732 331901
0 60843 652675 326857
0 57114 650655 321863
0 53297 648671 316918
0 49393 646724 312023
0 45401 644814 307178
1 8.09017 5.87785
0 41321 642941 302383
0 37154 641105 297638
0 32900 639306 292943
0 28559 637544 288299
0 24131 635819 283705
0 19617 634131 279162
0 15016 632480 274670
0 10329 630867 270230
0 5556 629291 265841
0 697 627752 261504
1 7.70513 6.37424
0 995753 626251 257219
0 990723 624787 252986
0 985608 623361 248805
0 980408 621973 244676
0 975123 620623 240599
0 969753 619310 236575
0 964299 618035 232604
0 958760 616798 228686
0 953137 615599 224821
0 947431 614438 221009
1 7.28969 6.84547
0 941641 613315 217251
0 935768 612230 213546
0 929812 611183 209895
0 923773 610174 206298
0 917651 609204 202755
0 911447 608272 199266
0 905161 607378 195831
0 898793 606523 192450
0 892343 605706 189124
0 885812 604927 185853
1 6.84547 7.28969
0 879199 604187 182636
0 872506 603485 179474
0 865732 602822 176367
0 858878 602197 173315
0 851944 601611 170319
0 844930 601063 167378
0 837836 600554 164493
0 830663 600083 161663
0 823411 599651 158889
0 816080 599258 156171
1 6.37424 7.70513
0 808671 598903 153509
0 801184 598587 150903
0 793619 598310 148353
0 785977 598071 145859
0 778257 597871 143422
0 770460 597710 141041
0 762587 597587 138717
0 754638 597503 136449
0 746613 597458 134238
0 738512 597451 132084
1 5.87785 8.09017
0 730336 597482 129987
0 722085 597552 127947
0 713759 597661 125964
0 705359 597808 124038
0 696885 597994 122169
0 688337 598219 120358
0 679716 598482 118604
0 671022 598784 116907
0 662255 599125 115268
0 653416 599504 113687
1 5.35827 8.44328
0 644505 599922 112163
0 635522 600379 110697
0 626468 600874 109289
0 617343 601408 107938
0 608147 601980 106645
0 598881 602591 105410
0 589545 603240 104233
0 580140 603928 103114
0 570666 604654 102053
0 561123 605419 101050
1 4.81754 8.76307
0 551512 606222 100105
0 541833 607063 99219
0 532086 607943 98391
0 522272 608861 97621
0 512391 609817 96909
0 502444 610812 96256
0 492431 611845 95661
0 482352 612916 95124
0 472208 614025 94646
0 461999 615172 94226
1 4.25779 9.04827
0 451726 616357 93865
0 441389 617580 93562
0 430988 618841 93317
0 420524 620140 93131
0 409997 621477 93003
0 399408 622851 92934
0 388757 624263 92923
0 378045 625713 92970
0 367272 627200 93075
0 356438 628725 93239
1 3.68125 9.29776
0 345544 630287 93461
0 334590 631887 93741
0 323576 633524 94080
0 312504 635198 94477
0 301373 636910 94933
0 290184 638659 95447
0 278937 640445 96019
0 267633 642268 96650
0 256272 644128 97339
0 244855 646025 98086
1 3.09017 9.51057
0 233382 647958 98892
0 221854 649928 99756
0 210271 651935 100678
0 198634 653978 101658
0 186943 656058 102696
0 175198 658174 103792
0 163400 660327 104946
0 151549 662516 106158
0 139646 664741 107428
0 127691 667002 108756
1 2.4869 9.68583
0 115685 669299 110142
0 103629 671632 111586
0 91522 674001 113088
0 79365 676405 114647
0 67159 678845 116264
0 54904 681320 117938
0 42601 683831 119670
0 30250 686377 121459
0 17852 688958 123305
0 5407 691574 125209
1 1.87381 9.82287
0 992916 694225 127170
0 980379 696911 129188
0 967796 699632 131263
0 955168 702388 133395
0 942496 705178 135584
0 929780 708003 137830
0 917021 710862 140132
0 904219 713755 142491
0 891374 716682 144906
0 878488 719643 147378
1 1.25333 9.92115
0 865560 722638 149906
0 852591 725667 152490
0 839582 728730 155130
0 826533 731826 157826
0 813445 734956 160578
0 800318 738119 163386
0 787153 741315 166250
0 773950 744544 169169
0 760710 747806 172144
0 747433 751101 175174
1 0.627905 9.98027
0 734120 754428 178259
0 720771 757788 181399
0 707387 761180 184594
0 693968 764605 187844
0 680515 768062 191149
0 667029 771551 194509
0 653510 775072 197923
0 639958 778624 201391
0 626374 782208 204913
0 612759 785823 208489
1 6.12303e-016 10
0 599113 789469 212119
0 585437 793147 215803
0 571731 796856 219541
0 557996 800595 223332
0 544232 804365 227177
0 530440 808166 231075
0 516620 811997 235026
0 502773 815858 239030
0 488899 819749 243086
0 474999 823670 247195
1 -0.627905 9.98027
0 461074 827621 251356
0 447124 831602 255569
0 433150 835612 259834
0 419152 839651 264151
0 405131 843720 268520
0 391087 847818 272940
0 377021 851944 277412
0 362933 856099 281935
0 348824 860283 286509
0 334695 864495 291134
1 -1.25333 9.92115
0 320546 868735 295809
0 306378 873003 300535
0 292191 877299 305311
0 277986 881623 310137
0 263763 885974 315013
0 249523 890352 319939
0 235266 894758 324914
0 220993 899191 329939
0 206705 903650 335013
0 192402 908136 340136
1 -1.87381 9.82287
0 178085 912648 345307
0 163754 917187 350527
0 149410 921752 355795
0 135053 926343 361111
0 120684 930959 366475
0 106304 935601 371887
0 91913 940268 377346
0 77512 944960 382852
0 63101 949677 388405
0 48681 954419 394005
1 -2.4869 9.68583
0 34252 959186 399652
0 19815 963977 405345
0 5371 968793 411084
0 990920 973633 416869
0 976462 978496 422700
0 961999 983383 428576
0 947531 988294 434497
0 933058 993228 440463
0 918581 998185 446474
0 904100 3165 452530
1 -3.09017 9.51057
0 889617 8167 458630
0 875131 13192 464774
0 860643 18239 470962
0 846154 23308 477193
0 831665 28399 483467
0 817176 33512 489784
0 802687 38646 496144
0 788199 43802 502547
0 773713 48979 508992
0 759229 54177 515479
1 -3.68125 9.29776
0 744748 59395 522008
0 730270 64634 528578
0 715796 69893 535190
0 701327 75172 541843
0 686863 80471 548536
0 672405 85790 555270
0 657953 91128 562044
0 643508 96485 568858
0 629070 101861 575712
0 614640 107256 582605
1 -4.25779 9.04827
0 600219 112670 589537
0 585807 118102 596508
0 571404 123552 603518
0 557012 129020 610566
0 542630 134506 617652
0 528260 140009 624776
0 513902 145530 631937
0 499556 151068 639135
0 485223 156623 646370
0 470904 162194 653642
1 -4.81754 8.76307
0 456599 167782 660950
0 442309 173386 668294
0 428034 179006 675674
0 413775 184642 683089
0 399533 190293 690539
0 385308 195959 698024
0 371100 201640 705544
0 356910 207336 713098
0 342739 213047 720686
0 328587 218772 728308
1 -5.35827 8.44328
0 314455 224512 735963
0 300343 230266 743651
0 286252 236033 751372
0 272183 241814 759125
0 258136 247608 766911
0 244112 253415 774728
0 230111 259235 782577
0 216133 265067 790457
0 202180 270912 798368
0 188251 276769 806310
1 -5.87785 8.09017
0 174348 282638 814282
0 160471 288518 822284
0 146620 294410 830316
0 132796 300313 838377
0 119000 306227 846467
0 105232 312152 854586
0 91492 318087 862733
0 77782 324033 870908
0 64101 329989 879111
0 50451 335954 887341
1 -6.37424 7.70513
0 36831 341929 895598
0 23243 347913 903882
0 9687 353906 912193
0 996163 359908 920530
0 982672 365919 928893
0 969214 371938 937281
0 955790 377965 945694
0 942401 384000 954132
0 929047 390043 962594
0 915729 396093 971080
1 -6.84547 7.28969
0 902447 402150 979590
0 889201 408214 988124
0 875993 414285 996681
0 862822 420362 5261
0 849690 426446 13863
0 836596 432536 22487
0 823541 438631 31133
0 810526 444732 39800
0 797552 450838 48488
0 784618 456949 57197
1 -7.28969 6.84547
0 771726 463065 65926
0 758875 469185 74676
0 746067 475310 83445
0 733302 481439 92234
0 720580 487572 101042
0 707902 493708 109868
0 695268 499848 118713
0 682679 505991 127575
0 670135 512136 136455
0 657637 518284 145352
1 -7.70513 6.37424
0 645185 524434 154266
0 632780 530587 163197
0 620422 536741 172144
0 608112 542897 181107
0 595850 549054 190085
0 583637 555213 199078
0 571473 561372 208086
0 559359 567532 217109
0 547295 573692 226146
0 535282 579853 235196
1 -8.09017 5.87785
0 523320 586014 244260
0 511410 592174 253337
0 499552 598334 262426
0 487746 604493 271528
0 475993 610651 280642
0 464294 616808 289767
0 452649 622963 298903
0 441058 629116 308050
0 429522 635267 317208
0 418041 641416 326376
1 -8.44328 5.35827
0 406616 647562 335554
0 395247 653706 344741
0 383935 659847 353937
0 372680 665984 363142
0 361483 672118 372355
0 350344 678248 381576
0 339263 684374 390805
0 328241 690496 400041
0 317278 696614 409284
0 306375 702727 418533
1 -8.76307 4.81754
0 295532 708835 427788
0 284750 714938 437049
0 274029 721035 446315
0 263369 727127 455586
0 252771 733213 464862
0 242235 739293 474142
0 231762 745366 483426
0 221352 751433 492714
0 211006 757493 502005
0 200724 763546 511299
1 -9.04827 4.25779
0 190506 769592 520595
0 180353 775630 529893
0 170265 781660 539193
0 160243 787682 548495
0 150287 793696 557797
0 140397 799701 567100
0 130574 805698 576403
0 120818 811686 585706
0 111129 817664 595009
0 101508 823633 604311
1 -9.29776 3.68125
0 91955 829592 613612
0 82471 835541 622911
0 73056 841480 632208
0 63710 847409 641503
0 54434 853327 650795
0 45228 859234 660084
0 36093 865130 669370
0 27029 871015 678652
0 18036 876888 687930
0 9114 882749 697203
1 -9.51057 3.09017
0 264 888598 706471
0 991487 894435 715734
0 982782 900260 724992
0 974150 906072 734244
0 965591 911871 743489
0 957106 917657 752728
0 948695 923429 761959
0 940358 929188 771183
0 932096 934933 780399
0 923909 940664 789607
1 -9.68583 2.4869
0 915797 946380 798806
0 907761 952082 807997
0 899801 957769 817178
0 891917 963441 826350
0 884109 969098 835512
0 876378 974739 844663
0 868724 980365 853804
0 861148 985975 862934
0 853650 991569 872052
0 846230 997146 881158
1 -9.82287 1.87381
0 838888 2707 890252
0 831625 8251 899334
0 824441 13778 908403
0 817336 19288 917459
0 810310 24780 926501
0 803364 30255 935529
0 796498 35712 944543
0 789712 41151 953542
0 783007 46571 962526
0 776383 51973 971495
1 -9.92115 1.25333
0 769840 57356 980448
0 763378 62720 989385
0 756998 68065 998306
0 750700 73391 7210
0 744484 78697 16097
0 738350 83984 24966
0 732299 89251 33818
0 726331 94497 42651
0 720446 99723 51466
0 714644 104928 60262
1 -9.98027 0.627905
0 708926 110113 69039
0 703291 115277 77796
0 697740 120419 86533
0 692274 125540 95250
0 686892 130639 103946
0 681595 135716 112621
0 676383 140771 121275
0 671256 145804 129908
0 666214 150815 138519
0 661257 155803 147107
1 -10 1.22461e-015
0 656386 160768 155673
0 651601 165710 164216
0 646902 170629 172735
0 642289 175525 181231
0 637762 180397 189703
0 633322 185245 198150
0 628969 190069 206573
0 624703 194869 214971
0 620524 199645 223343
0 616432 204396 231690
1 -9.98027 -0.627905
0 612427 209123 240011
0 608510 213825 248305
0 604681 218502 256573
0 600940 223153 264814
0 597287 227779 273028
0 593722 232379 281214
0 590245 236953 289372
0 586857 241501 297502
0 583557 246023 305603
0 580346 250519 313675
1 -9.92115 -1.25333
0 577224 254988 321718
0 574191 259430 329731
0 571247 263845 337715
0 568392 268233 345668
0 565626 272594 353591
0 562950 276928 361483
0 560363 281234 369344
0 557866 285512 377174
0 555459 289762 384972
0 553141 293984 392738
1 -9.82287 -1.87381
0 550913 298178 400472
0 548775 302344 408173
0 546727 306481 415841
0 544770 310589 423476
0 542903 314668 431077
0 541126 318718 438644
0 539440 322739 446177
0 537844 326731 453676
0 536338 330693 461140
0 534923 334625 468569
1 -9.68583 -2.4869
0 533599 338527 475963
0 532365 342399 483321
0 531222 346241 490643
0 530170 350053 497929
0 529209 353834 505178
0 528339 357585 512391
0 527559 361305 519566
0 526870 364994 526704
0 526272 368652 533804
0 525765 372279 540867
1 -9.51057 -3.09017
0 525349 375874 547891
0 525024 379438 554877
0 524790 382970 561824
0 524647 386470 568732
0 524595 389938 575601
0 524633 393374 582430
0 524763 396778 589219
0 524984 400150 595968
0 525296 403489 602677
0 525699 406796 609345
1 -9.29776 -3.68125
0 526193 410070 615972
0 526778 413311 622558
0 527454 416519 629103
0 528220 419694 635606
0 529077 422836 642067
0 530025 425945 648486
0 531064 429020 654863
0 532194 432061 661197
0 533415 435069 667488
0 534726 438043 673736
1 -9.04827 -4.25779
0 536128 440983 679940
0 537621 443889 686101
0 539204 446761 692218
0 540878 449598 698291
0 542642 452401 704319
0 544496 455169 710303
0 546441 457903 716242
0 548476 460602 722136
0 550601 463266 727984
0 552816 465895 733787
1 -8.76307 -4.81754
0 555121 468489 739544
0 557516 471048 745255
0 560000 473572 750920
0 562574 476060 756538
0 565238 478513 762109
0 567991 480930 767633
0 570833 483312 773110
0 573764 485658 778540
0 576785 487968 783922
0 579895 490242 789257
1 -8.44328 -5.35827
0 583093 492480 794544
0 586380 494682 799782
0 589756 496848 804972
0 593220 498978 810113
0 596773 501071 815206
0 600414 503128 820250
0 604143 505148 825244
0 607960 507132 830189
0 611864 509079 835084
0 615856 510989 839929
1 -8.09017 -5.87785
0 619936 512862 844724
0 624103 514698 849469
0 628357 516497 854164
0 632698 518259 858808
0 637126 519984 863402
0 641640 521672 867945
0 646241 523323 872437
0 650928 524936 876877
0 655701 526512 881266
0 660560 528051 885603
1 -7.70513 -6.37424
0 665504 529552 889888
0 670534 531016 894121
0 675649 532442 898302
0 680849 533830 902431
0 686134 535180 906508
0 691504 536493 910532
0 696958 537768 914503
0 702497 539005 918421
0 708120 540204 922286
0 713826 541365 926098
1 -7.28969 -6.84547
0 719616 542488 929856
0 725489 543573 933561
0 731445 544620 937212
0 737484 545629 940809
0 743606 546599 944352
0 749810 547531 947841
0 756096 548425 951276
0 762464 549280 954657
0 768914 550097 957983
0 775445 550876 961254
1 -6.84547 -7.28969
0 782058 551616 964471
0 788751 552318 967633
0 795525 552981 970740
0 802379 553606 973792
0 809313 554192 976788
0 816327 554740 979729
0 823421 555249 982614
0 830594 555720 985444
0 837846 556152 988218
0 845177 556545 990936
1 -6.37424 -7.70513
0 852586 556900 993598
0 860073 557216 996204
0 867638 557493 998754
0 875280 557732 1248
0 883000 557932 3685
0 890797 558093 6066
0 898670 558216 8390
0 906619 558300 10658
0 914644 558345 12869
0 922745 558352 15023
1 -5.87785 -8.09017
0 930921 558321 17120
0 939172 558251 19160
0 947498 558142 21143
0 955898 557995 23069
0 964372 557809 24938
0 972920 557584 26749
0 981541 557321 28503
0 990235 557019 30200
0 999002 556678 31839
0 7841 556299 33420
1 -5.35827 -8.44328
0 16752 555881 34944
0 25735 555424 36410
0 34789 554929 37818
0 43914 554395 39169
0 53110 553823 40462
0 62376 553212 41697
0 71712 552563 42874
0 81117 551875 43993
0 90591 551149 45054
0 100134 550384 46057
1 -4.81754 -8.76307
0 109745 549581 47002
0 119424 548740 47888
0 129171 547860 48716
0 138985 546942 49486
0 148866 545986 50198
0 158813 544991 50851
0 168826 543958 51446
0 178905 542887 51983
0 189049 541778 52461
0 199258 540631 52881
1 -4.25779 -9.04827
0 209531 539446 53242
0 219868 538223 53545
0 230269 536962 53790
0 240733 535663 53976
0 251260 534326 54104
0 261849 532952 54173
0 272500 531540 54184
0 283212 530090 54137
0 293985 528603 54032
0 304819 527078 53868
1 -3.68125 -9.29776
0 315713 525516 53646
0 326667 523916 53366
0 337681 522279 53027
0 348753 520605 52630
0 359884 518893 52174
0 371073 517144 51660
0 382320 515358 51088
0 393624 513535 50457
0 404985 511675 49768
0 416402 509778 49021
1 -3.09017 -9.51057
0 427875 507845 48215
0 439403 505875 47351
0 450986 503868 46429
0 462623 501825 45449
0 474314 499745 44411
0 486059 497629 43315
0 497857 495476 42161
0 509708 493287 40949
0 521611 491062 39679
0 533566 488801 38351
1 -2.4869 -9.68583
0 545572 486504 36965
0 557628 484171 35521
0 569735 481802 34019
0 581892 479398 32460
0 594098 476958 30843
0 606353 474483 29169
0 618656 471972 27437
0 631007 469426 25648
0 643405 466845 23802
0 655850 464229 21898
1 -1.87381 -9.82287
0 668341 461578 19937
0 680878 458892 17919
0 693461 456171 15844
0 706089 453415 13712
0 718761 450625 11523
0 731477 447800 9277
0 744236 444941 6975
0 757038 442048 4616
0 769883 439121 2201
0 782769 436160 999729
1 -1.25333 -9.92115
0 795697 433165 997201
0 808666 430136 994617
0 821675 427073 991977
0 834724 423977 989281
0 847812 420847 986529
0 860939 417684 983721
0 874104 414488 980857
0 887307 411259 977938
0 900547 407997 974963
0 913824 404702 971933
1 -0.627905 -9.98027
0 927137 401375 968848
0 940486 398015 965708
0 953870 394623 962513
0 967289 391198 959263
0 980742 387741 955958
0 994228 384252 952598
0 7747 380731 949184
0 21299 377179 945716
0 34883 373595 942194
0 48498 369980 938618
1 -1.83691e-015 -10
0 62144 366334 934988
0 75820 362656 931304
0 89526 358947 927566
0 103261 355208 923775
0 117025 351438 919930
0 130817 347637 916032
0 144637 343806 912081
0 158484 339945 908077
0 172358 336054 904021
0 186258 332133 899912
1 0.627905 -9.98027
0 200183 328182 895751
0 214133 324201 891538
0 228107 320191 887273
0 242105 316152 882956
0 256126 312083 878587
0 270170 307985 874167
0 284236 303859 869695
0 298324 299704 865172
0 312433 295520 860598
0 326562 291308 855973
1 1.25333 -9.92115
0 340711 287068 851298
0 354879 282800 846572
0 369066 278504 841796
0 383271 274180 836970
0 397494 269829 832094
0 411734 265451 827168
0 425991 261045 822193
0 440264 256612 817168
0 454552 252153 812094
0 468855 247667 806971
1 1.87381 -9.82287
0 483172 243155 801800
0 497503 238616 796580
0 511847 234051 791312
0 526204 229460 785996
0 540573 224844 780632
0 554953 220202 775220
0 569344 215535 769761
0 583745 210843 764255
0 598156 206126 758702
0 612576 201384 753102
1 2.4869 -9.68583
0 627005 196617 747455
0 641442 191826 741762
0 655886 187010 736023
0 670337 182170 730238
0 684795 177307 724407
0 699258 172420 718531
0 713726 167509 712610
0 728199 162575 706644
0 742676 157618 700633
0 757157 152638 694577
1 3.09017 -9.51057
0 771640 147636 688477
0 786126 142611 682333
0 800614 137564 676145
0 815103 132495 669914
0 829592 127404 663640
0 844081 122291 657323
0 858570 117157 650963
0 873058 112001 644560
0 887544 106824 638115
0 902028 101626 631628
1 3.68125 -9.29776
0 916509 96408 625099
0 930987 91169 618529
0 945461 85910 611917
0 959930 80631 605264
0 974394 75332 598571
0 988852 70013 591837
0 3304 64675 585063
0 17749 59318 578249
0 32187 53942 571395
0 46617 48547 564502
1 4.25779 -9.04827
0 61038 43133 557570
0 75450 37701 550599
0 89853 32251 543589
0 104245 26783 536541
0 118627 21297 529455
0 132997 15794 522331
0 147355 10273 515170
0 161701 4735 507972
0 176034 999180 500737
0 190353 993609 493465
1 4.81754 -8.76307
0 204658 988021 486157
0 218948 982417 478813
0 233223 976797 471433
0 247482 971161 464018
0 261724 965510 456568
0 275949 959844 449083
0 290157 954163 441563
0 304347 948467 434009
0 318518 942756 426421
0 332670 937031 418799
1 5.35827 -8.44328
0 346802 931291 411144
0 360914 925537 403456
0 375005 919770 395735
0 389074 913989 387982
0 403121 908195 380196
0 417145 902388 372379
0 431146 896568 364530
0 445124 890736 356650
0 459077 884891 348739
0 473006 879034 340797
1 5.87785 -8.09017
0 486909 873165 332825
0 500786 867285 324823
0 514637 861393 316791
0 528461 855490 308730
0 542257 849576 300640
0 556025 843651 292521
0 569765 837716 284374
0 583475 831770 276199
0 597156 825814 267996
0 610806 819849 259766
1 6.37424 -7.70513
0 624426 813874 251509
0 638014 807890 243225
0 651570 801897 234914
0 665094 795895 226577
0 678585 789884 218214
0 692043 783865 209826
0 705467 777838 201413
0 718856 771803 192975
0 732210 765760 184513
0 745528 759710 176027
1 6.84547 -7.28969
0 758810 753653 167517
0 772056 747589 158983
0 785264 741518 150426
0 798435 735441 141846
0 811567 729357 133244
0 824661 723267 124620
0 837716 717172 115974
0 850731 711071 107307
0 863705 704965 98619
0 876639 698854 89910
1 7.28969 -6.84547
0 889531 692738 81181
0 902382 686618 72431
0 915190 680493 63662
0 927955 674364 54873
0 940677 668231 46065
0 953355 662095 37239
0 965989 655955 28394
0 978578 649812 19532
0 991122 643667 10652
0 3620 637519 1755
1 7.70513 -6.37424
0 16072 631369 992841
0 28477 625216 983910
0 40835 619062 974963
0 53145 612906 966000
0 65407 606749 957022
0 77620 600590 948029
0 89784 594431 939021
0 101898 588271 929998
0 113962 582111 920961
0 125975 575950 911911
1 8.09017 -5.87785
0 137937 569789 902847
0 149847 563629 893770
0 161705 557469 884681
0 173511 551310 875579
0 185264 545152 866465
0 196963 538995 857340
0 208608 532840 848204
0 220199 526687 839057
0 231735 520536 829899
0 243216 514387 820731
1 8.44328 -5.35827
0 254641 508241 811553
0 266010 502097 802366
0 277322 495956 793170
0 288577 489819 783965
0 299774 483685 774752
0 310913 477555 765531
0 321994 471429 756302
0 333016 465307 747066
0 343979 459189 737823
0 354882 453076 728574
1 8.76307 -4.81754
0 365725 446968 719319
0 376507 440865 710058
0 387228 434768 700792
0 397888 428676 691521
0 408486 422590 682245
0 419022 416510 672965
0 429495 410437 663681
0 439905 404370 654393
0 450251 398310 645102
0 460533 392257 635808
1 9.04827 -4.25779
0 470751 386211 626512
0 480904 380173 617214
0 490992 374143 607914
0 501014 368121 598612
0 510970 362107 589310
0 520860 356102 580007
0 530683 350105 570704
0 540439 344117 561401
0 550128 338139 552098
0 559749 332170 542796
1 9.29776 -3.68125
0 569302 326211 533495
0 578786 320262 524196
0 588201 314323 514899
0 597547 308394 505604
0 606823 302476 496312
0 616029 296569 487023
0 625164 290673 477737
0 634228 284788 468455
0 643221 278915 459177
0 652143 273054 449904
1 9.51057 -3.09017
0 660993 267205 440636
0 669770 261368 431373
0 678475 255543 422115
0 687107 249731 412863
0 695666 243932 403618
0 704151 238146 394379
0 712562 232374 385148
0 720899 226615 375924
0 729161 220870 366708
0 737348 215139 357500
1 9.68583 -2.4869
0 745460 209423 348301
0 753496 203721 339110
0 761456 198034 329929
0 769340 192362 320757
0 777148 186705 311595
0 784879 181064 302444
0 792533 175438 293303
0 800109 169828 284173
0 807607 164234 275055
0 815027 158657 265949
1 9.82287 -1.87381
0 822369 153096 256855
0 829632 147552 247773
0 836816 142025 238704
0 843921 136515 229648
0 850947 131023 220606
0 857893 125548 211578
0 864759 120091 202564
0 871545 114652 193565
0 878250 109232 184581
0 884874 103830 175612
1 9.92115 -1.25333
0 891417 98447 166659
0 897879 93083 157722
0 904259 87738 148801
0 910557 82412 139897
0 916773 77106 131010
0 922907 71819 122141
0 928958 66552 113289
0 934926 61306 104456
0 940811 56080 95641
0 946613 50875 86845
1 9.98027 -0.627905
0 952331 45690 78068
0 957966 40526 69311
0 963517 35384 60574
0 968983 30263 51857
0 974365 25164 43161
0 979662 20087 34486
0 984874 15032 25832
0 990001 9999 17199
0 990001 9999 17199
2
