0 48 9951 9915
0 95 9902 9830
0 142 9853 9745
0 187 9804 9661
0 232 9756 9577
0 276 9708 9493
0 319 9660 9409
0 361 9612 9326
0 402 9564 9243
0 442 9517 9160
1 9.97944 0.625929
0 481 9470 9077
0 520 9424 8995
0 558 9378 8913
0 595 9332 8831
0 631 9286 8749
0 666 9241 8667
0 700 9196 8586
0 734 9151 8505
0 767 9106 8425
0 798 9061 8345
1 9.92111 1.25321
0 828 9017 8265
0 858 8973 8185
0 887 8929 8106
0 915 8886 8027
0 942 8843 7949
0 968 8800 7871
0 993 8757 7793
0 1017 8715 7715
0 1041 8673 7637
0 1064 8631 7560
1 9.82157 1.87303
0 1086 8590 7483
0 1107 8549 7407
0 1127 8508 7331
0 1146 8468 7255
0 1164 8428 7180
0 1181 8388 7105
0 1197 8348 7030
0 1212 8309 6955
0 1227 8270 6881
0 1241 8231 6807
1 9.68639 2.48728
0 1254 8192 6734
0 1266 8154 6661
0 1277 8116 6588
0 1287 8078 6516
0 1296 8041 6444
0 1304 8004 6373
0 1311 7967 6302
0 1317 7931 6231
0 1323 7895 6161
0 1328 7860 6091
1 9.50718 3.08928
0 1332 7824 6021
0 1335 7789 5952
0 1337 7754 5883
0 1338 7720 5815
0 1338 7686 5747
0 1338 7652 5679
0 1337 7619 5611
0 1335 7586 5544
0 1333 7553 5478
0 1329 7520 5412
1 9.29704 3.68207
0 1325 7488 5346
0 1320 7456 5281
0 1314 7424 5216
0 1307 7393 5151
0 1299 7362 5087
0 1290 7332 5023
0 1280 7302 4960
0 1270 7272 4897
0 1258 7242 4834
0 1245 7213 4772
1 9.04911 4.25723
0 1232 7184 4710
0 1218 7155 4649
0 1203 7127 4588
0 1187 7099 4528
0 1170 7072 4468
0 1152 7045 4409
0 1133 7018 4350
0 1113 6991 4292
0 1092 6965 4234
0 1070 6939 4177
1 8.7638 4.81569
0 1047 6914 4120
0 1024 6889 4063
0 1000 6864 4007
0 975 6840 3951
0 949 6816 3896
0 922 6792 3841
0 894 6769 3787
0 865 6746 3733
0 835 6723 3680
0 804 6701 3627
1 8.44335 5.357
0 772 6679 3575
0 740 6658 3523
0 707 6637 3471
0 673 6616 3420
0 638 6596 3370
0 602 6576 3320
0 565 6556 3270
0 527 6537 3221
0 488 6518 3172
0 449 6499 3124
1 8.08841 5.87817
0 409 6481 3076
0 368 6463 3029
0 326 6445 2983
0 283 6428 2937
0 239 6411 2892
0 194 6394 2847
0 149 6378 2803
0 103 6362 2759
0 56 6347 2716
0 8 6332 2673
1 7.70525 6.37404
0 9959 6318 2631
0 9909 6304 2589
0 9858 6290 2548
0 9807 6276 2508
0 9755 6263 2468
0 9702 6250 2428
0 9648 6238 2389
0 9593 6226 2351
0 9537 6215 2313
0 9480 6204 2275
1 7.28988 6.84454
0 9423 6193 2238
0 9365 6183 2202
0 9306 6173 2166
0 9246 6163 2131
0 9185 6154 2096
0 9124 6145 2062
0 9062 6137 2028
0 8999 6129 1995
0 8935 6121 1962
0 8870 6114 1930
1 6.84539 7.2888
0 8804 6107 1898
0 8738 6101 1867
0 8671 6095 1836
0 8603 6089 1806
0 8534 6084 1776
0 8464 6079 1747
0 8394 6075 1719
0 8323 6071 1691
0 8251 6067 1664
0 8178 6064 1637
1 6.37406 7.70422
0 8104 6061 1611
0 8029 6058 1586
0 7954 6056 1561
0 7878 6054 1536
0 7801 6052 1512
0 7724 6051 1489
0 7646 6050 1466
0 7567 6050 1444
0 7487 6050 1422
0 7406 6050 1401
1 5.87722 8.0904
0 7325 6050 1380
0 7243 6050 1360
0 7160 6051 1341
0 7076 6052 1322
0 6992 6053 1304
0 6907 6055 1286
0 6821 6057 1269
0 6735 6059 1252
0 6648 6062 1236
0 6560 6065 1221
1 5.35855 8.4417
0 6471 6069 1206
0 6382 6073 1192
0 6292 6078 1179
0 6201 6083 1166
0 6109 6088 1154
0 6017 6094 1142
0 5924 6100 1131
0 5831 6106 1120
0 5737 6113 1110
0 5642 6120 1101
1 4.81743 8.764
0 5546 6128 1092
0 5450 6136 1084
0 5353 6145 1076
0 5256 6154 1069
0 5158 6163 1062
0 5059 6172 1056
0 4959 6182 1051
0 4859 6192 1046
0 4758 6203 1042
0 4656 6214 1038
1 4.25778 9.04961
0 4554 6225 1035
0 4451 6237 1033
0 4348 6249 1031
0 4244 6262 1029
0 4139 6275 1028
0 4033 6288 1028
0 3927 6301 1028
0 3820 6315 1028
0 3713 6330 1029
0 3605 6345 1030
1 3.68436 9.29769
0 3497 6360 1032
0 3388 6376 1034
0 3278 6392 1037
0 3168 6408 1040
0 3057 6425 1044
0 2945 6442 1049
0 2833 6460 1054
0 2721 6478 1060
0 2608 6496 1066
0 2494 6514 1073
1 3.0897 9.51093
0 2380 6533 1081
0 2265 6552 1089
0 2150 6571 1098
0 2034 6591 1107
0 1918 6611 1117
0 1801 6632 1127
0 1683 6653 1138
0 1565 6675 1150
0 1446 6697 1162
0 1327 6719 1175
1 2.48664 9.68512
0 1207 6742 1188
0 1087 6765 1202
0 966 6788 1217
0 845 6812 1232
0 723 6836 1248
0 601 6860 1264
0 479 6885 1281
0 356 6910 1299
0 232 6935 1317
0 108 6961 1336
1 1.8748 9.82424
0 9983 6987 1355
0 9858 7013 1375
0 9733 7040 1395
0 9608 7067 1416
0 9482 7095 1437
0 9355 7123 1459
0 9228 7151 1481
0 9100 7180 1504
0 8972 7209 1528
0 8844 7238 1552
1 1.25372 9.9226
0 8715 7267 1577
0 8586 7297 1602
0 8457 7327 1628
0 8327 7357 1654
0 8197 7388 1681
0 8066 7419 1708
0 7935 7451 1736
0 7804 7483 1765
0 7672 7515 1794
0 7540 7547 1824
1 0.629334 9.98003
0 7407 7580 1854
0 7274 7613 1885
0 7140 7646 1917
0 7006 7680 1949
0 6872 7714 1981
0 6738 7748 2014
0 6603 7783 2048
0 6468 7818 2082
0 6333 7853 2117
0 6198 7889 2152
1 0.000182735 9.99918
0 6062 7925 2188
0 5926 7961 2225
0 5789 7998 2262
0 5652 8035 2300
0 5515 8072 2338
0 5377 8109 2376
0 5239 8147 2415
0 5101 8185 2455
0 4963 8223 2495
0 4824 8262 2536
1 -0.627182 9.98083
0 4685 8301 2578
0 4546 8340 2619
0 4407 8380 2661
0 4267 8420 2704
0 4128 8460 2747
0 3988 8500 2791
0 3848 8541 2835
0 3707 8582 2880
0 3566 8623 2925
0 3425 8665 2971
1 -1.2538 9.92025
0 3284 8707 3017
0 3143 8749 3063
0 3002 8792 3110
0 2860 8835 3158
0 2718 8878 3206
0 2576 8922 3255
0 2434 8966 3304
0 2292 9010 3354
0 2149 9054 3404
0 2006 9099 3455
1 -1.87507 9.82261
0 1863 9144 3506
0 1721 9189 3558
0 1578 9234 3610
0 1435 9279 3663
0 1292 9325 3716
0 1149 9371 3770
0 1006 9417 3824
0 862 9464 3879
0 719 9511 3934
0 575 9558 3990
1 -2.48532 9.68519
0 431 9605 4046
0 287 9652 4103
0 143 9699 4160
0 9999 9747 4217
0 9855 9795 4275
0 9711 9843 4333
0 9567 9892 4392
0 9423 9941 4451
0 9279 9990 4511
0 9135 39 4571
1 -3.09074 9.51147
0 8991 88 4632
0 8847 138 4693
0 8702 188 4754
0 8557 238 4816
0 8412 288 4879
0 8268 339 4942
0 8123 390 5005
0 7978 441 5069
0 7834 492 5133
0 7690 543 5197
1 -3.68252 9.29801
0 7546 595 5261
0 7402 647 5326
0 7258 699 5392
0 7114 751 5458
0 6970 803 5524
0 6826 856 5591
0 6682 909 5658
0 6538 962 5726
0 6394 1015 5794
0 6250 1069 5862
1 -4.25624 9.04723
0 6106 1123 5931
0 5962 1177 6000
0 5818 1231 6070
0 5675 1285 6140
0 5531 1339 6211
0 5388 1394 6282
0 5245 1449 6353
0 5102 1504 6425
0 4959 1559 6497
0 4816 1614 6569
1 -4.81844 8.76422
0 4673 1669 6642
0 4531 1724 6715
0 4389 1779 6788
0 4247 1835 6862
0 4105 1891 6936
0 3964 1947 7011
0 3822 2003 7085
0 3681 2060 7160
0 3540 2117 7236
0 3399 2174 7312
1 -5.35749 8.44466
0 3258 2231 7388
0 3117 2288 7465
0 2976 2345 7542
0 2836 2403 7619
0 2696 2460 7696
0 2556 2518 7774
0 2416 2576 7852
0 2277 2634 7930
0 2138 2692 8008
0 1999 2750 8087
1 -5.87662 8.09149
0 1861 2808 8166
0 1723 2866 8245
0 1585 2925 8325
0 1447 2984 8405
0 1310 3043 8485
0 1173 3102 8566
0 1036 3161 8647
0 899 3220 8728
0 763 3279 8809
0 627 3338 8891
1 -6.37562 7.70559
0 491 3397 8973
0 356 3456 9055
0 221 3515 9138
0 86 3574 9221
0 9952 3633 9304
0 9818 3692 9387
0 9684 3752 9471
0 9551 3812 9555
0 9418 3872 9639
0 9285 3932 9723
1 -6.84597 7.28901
0 9153 3992 9808
0 9021 4052 9893
0 8889 4113 9978
0 8758 4173 63
0 8627 4234 148
0 8497 4294 234
0 8367 4355 320
0 8237 4415 406
0 8108 4475 493
0 7979 4536 580
1 -7.28829 6.84503
0 7851 4597 667
0 7723 4658 754
0 7595 4719 841
0 7468 4780 928
0 7341 4840 1016
0 7214 4901 1104
0 7088 4962 1192
0 6963 5023 1280
0 6838 5084 1368
0 6714 5145 1456
1 -7.7049 6.3738
0 6590 5206 1545
0 6466 5267 1634
0 6343 5328 1723
0 6220 5389 1812
0 6098 5450 1901
0 5976 5511 1990
0 5855 5572 2079
0 5734 5633 2169
0 5614 5694 2259
0 5494 5755 2349
1 -8.09164 5.87931
0 5375 5816 2439
0 5256 5877 2529
0 5138 5938 2619
0 5020 5999 2710
0 4903 6060 2801
0 4787 6121 2892
0 4671 6182 2983
0 4556 6243 3074
0 4441 6304 3165
0 4327 6365 3256
1 -8.44246 5.3587
0 4213 6426 3347
0 4100 6487 3438
0 3987 6548 3529
0 3875 6609 3621
0 3764 6670 3713
0 3653 6730 3805
0 3543 6791 3897
0 3433 6852 3989
0 3324 6913 4081
0 3216 6974 4173
1 -8.76204 4.81854
0 3108 7034 4265
0 3001 7095 4357
0 2894 7156 4449
0 2788 7216 4541
0 2683 7276 4633
0 2578 7336 4725
0 2474 7396 4817
0 2370 7456 4910
0 2267 7516 5002
0 2165 7576 5095
1 -9.0481 4.25989
0 2063 7636 5188
0 1962 7696 5281
0 1862 7756 5374
0 1762 7816 5466
0 1663 7876 5559
0 1565 7935 5652
0 1467 7994 5744
0 1370 8054 5837
0 1274 8113 5930
0 1179 8172 6023
1 -9.29819 3.68195
0 1084 8231 6116
0 990 8290 6208
0 896 8349 6300
0 803 8408 6392
0 711 8467 6485
0 619 8526 6577
0 528 8584 6669
0 438 8643 6761
0 348 8701 6853
0 259 8759 6946
1 -9.51085 3.09063
0 171 8817 7038
0 84 8875 7130
0 9997 8933 7222
0 9911 8991 7314
0 9826 9048 7406
0 9742 9105 7498
0 9658 9162 7590
0 9575 9219 7682
0 9493 9276 7774
0 9411 9333 7866
1 -9.68582 2.48721
0 9330 9390 7958
0 9250 9446 8050
0 9171 9502 8141
0 9093 9558 8232
0 9015 9614 8323
0 8938 9670 8414
0 8862 9726 8505
0 8787 9782 8596
0 8712 9838 8687
0 8638 9894 8778
1 -9.82468 1.87367
0 8565 9949 8869
0 8493 4 8959
0 8421 59 9049
0 8350 113 9139
0 8280 167 9229
0 8211 221 9319
0 8143 275 9409
0 8076 328 9499
0 8009 382 9589
0 7943 435 9678
1 -9.91978 1.25258
0 7878 489 9767
0 7814 542 9856
0 7751 595 9945
0 7688 648 34
0 7626 700 122
0 7565 752 210
0 7505 804 298
0 7446 856 386
0 7388 908 474
0 7331 959 561
1 -9.97996 0.627094
0 7274 1011 648
0 7218 1062 735
0 7163 1113 822
0 7109 1164 908
0 7055 1215 994
0 7003 1265 1081
0 6952 1315 1167
0 6901 1365 1253
0 6851 1415 1338
0 6802 1464 1423
1 -10.0017 -0.000499937
0 6754 1513 1508
0 6707 1562 1593
0 6661 1611 1677
0 6616 1659 1761
0 6571 1707 1845
0 6527 1755 1929
0 6484 1803 2013
0 6442 1850 2096
0 6401 1897 2179
0 6360 1944 2262
1 -9.9801 -0.628354
0 6320 1991 2345
0 6282 2038 2428
0 6244 2084 2510
0 6207 2130 2592
0 6171 2176 2674
0 6136 2222 2755
0 6102 2267 2836
0 6069 2312 2917
0 6036 2357 2998
0 6004 2401 3078
1 -9.91957 -1.25325
0 5973 2445 3158
0 5943 2489 3238
0 5914 2533 3317
0 5886 2576 3396
0 5859 2619 3475
0 5833 2662 3554
0 5808 2704 3632
0 5783 2747 3710
0 5759 2789 3787
0 5736 2831 3864
1 -9.82123 -1.87327
0 5714 2873 3941
0 5693 2914 4018
0 5673 2955 4094
0 5654 2995 4170
0 5636 3035 4245
0 5619 3075 4320
0 5602 3115 4395
0 5587 3154 4469
0 5573 3193 4544
0 5559 3232 4618
1 -9.68615 -2.48608
0 5546 3270 4691
0 5534 3308 4764
0 5523 3346 4837
0 5513 3384 4910
0 5504 3422 4982
0 5496 3459 5054
0 5489 3496 5125
0 5482 3532 5196
0 5476 3568 5266
0 5472 3603 5336
1 -9.51078 -3.08956
0 5468 3638 5406
0 5465 3673 5476
0 5463 3708 5545
0 5462 3743 5614
0 5462 3777 5682
0 5462 3811 5750
0 5463 3845 5817
0 5465 3878 5884
0 5467 3911 5950
0 5470 3943 6016
1 -9.29695 -3.68071
0 5474 3975 6082
0 5479 4007 6148
0 5485 4039 6213
0 5492 4070 6277
0 5500 4101 6341
0 5509 4131 6405
0 5519 4161 6469
0 5530 4191 6532
0 5542 4220 6595
0 5555 4249 6657
1 -9.05022 -4.25538
0 5569 4278 6718
0 5584 4307 6779
0 5599 4335 6839
0 5615 4363 6899
0 5632 4390 6959
0 5650 4417 7018
0 5669 4444 7077
0 5689 4470 7135
0 5710 4496 7193
0 5731 4522 7251
1 -8.76257 -4.81558
0 5754 4547 7308
0 5777 4572 7365
0 5801 4597 7421
0 5826 4621 7477
0 5852 4645 7532
0 5879 4669 7587
0 5907 4692 7641
0 5936 4715 7695
0 5966 4738 7748
0 5996 4760 7801
1 -8.44351 -5.35787
0 6027 4782 7854
0 6059 4804 7906
0 6092 4825 7958
0 6126 4846 8009
0 6161 4867 8059
0 6197 4887 8109
0 6234 4906 8159
0 6272 4925 8208
0 6311 4944 8257
0 6350 4963 8305
1 -8.0907 -5.87718
0 6390 4981 8353
0 6431 4999 8400
0 6473 5016 8447
0 6516 5033 8493
0 6560 5050 8538
0 6605 5066 8583
0 6651 5082 8628
0 6697 5097 8672
0 6744 5112 8715
0 6792 5127 8758
1 -7.7046 -6.37543
0 6841 5142 8800
0 6891 5156 8842
0 6942 5170 8884
0 6993 5184 8925
0 7045 5197 8965
0 7098 5210 9005
0 7152 5222 9044
0 7207 5234 9083
0 7263 5245 9122
0 7319 5256 9160
1 -7.29054 -6.84556
0 7377 5267 9197
0 7435 5278 9234
0 7494 5288 9270
0 7554 5298 9305
0 7615 5307 9340
0 7677 5316 9374
0 7739 5325 9408
0 7802 5333 9441
0 7866 5341 9474
0 7931 5348 9506
1 -6.84629 -7.29018
0 7997 5355 9538
0 8063 5362 9569
0 8130 5368 9599
0 8198 5374 9629
0 8267 5380 9658
0 8337 5385 9687
0 8407 5390 9715
0 8478 5394 9743
0 8550 5398 9770
0 8623 5402 9797
1 -6.37247 -7.70432
0 8696 5405 9823
0 8770 5408 9849
0 8845 5410 9874
0 8921 5412 9899
0 8998 5414 9923
0 9075 5415 9946
0 9153 5416 9969
0 9232 5416 9991
0 9312 5416 12
0 9392 5416 33
1 -5.8788 -8.09115
0 9473 5416 53
0 9555 5416 73
0 9638 5416 93
0 9721 5415 112
0 9805 5414 130
0 9890 5412 148
0 9976 5410 165
0 62 5407 182
0 149 5404 198
0 237 5401 213
1 -5.35834 -8.44511
0 326 5397 228
0 415 5393 242
0 505 5389 256
0 595 5384 269
0 686 5378 281
0 778 5372 293
0 871 5366 304
0 965 5359 315
0 1059 5352 325
0 1154 5345 335
1 -4.81627 -8.76426
0 1250 5338 344
0 1347 5330 353
0 1444 5322 361
0 1542 5313 368
0 1641 5304 375
0 1740 5295 381
0 1840 5285 387
0 1940 5275 392
0 2041 5264 396
0 2143 5253 400
1 -4.25874 -9.04852
0 2245 5242 403
0 2348 5230 405
0 2451 5218 407
0 2555 5205 408
0 2660 5192 409
0 2765 5179 409
0 2871 5165 409
0 2978 5151 409
0 3085 5137 408
0 3193 5122 407
1 -3.68179 -9.29827
0 3302 5107 405
0 3411 5091 403
0 3520 5075 400
0 3630 5059 397
0 3741 5042 393
0 3852 5025 388
0 3964 5008 383
0 4077 4990 377
0 4190 4972 371
0 4303 4953 364
1 -3.08921 -9.51028
0 4417 4934 356
0 4532 4915 348
0 4647 4895 339
0 4763 4875 330
0 4879 4855 320
0 4996 4834 310
0 5114 4813 299
0 5232 4792 287
0 5351 4770 275
0 5470 4748 262
1 -2.48587 -9.68546
0 5589 4726 249
0 5709 4703 235
0 5830 4680 221
0 5951 4657 205
0 6073 4633 189
0 6195 4609 173
0 6318 4584 156
0 6441 4559 138
0 6564 4534 120
0 6688 4508 102
1 -1.87356 -9.82213
0 6812 4482 83
0 6937 4456 63
0 7062 4429 43
0 7188 4402 22
0 7314 4375 1
0 7441 4348 9979
0 7568 4320 9956
0 7696 4291 9933
0 7824 4262 9909
0 7952 4233 9885
1 -1.25333 -9.9222
0 8081 4204 9860
0 8210 4174 9835
0 8340 4144 9809
0 8470 4113 9783
0 8600 4082 9756
0 8731 4051 9728
0 8862 4019 9700
0 8993 3987 9671
0 9125 3955 9642
0 9257 3923 9612
1 -0.628376 -9.97927
0 9390 3890 9582
0 9523 3857 9551
0 9656 3824 9520
0 9790 3790 9488
0 9924 3756 9455
0 58 3721 9422
0 193 3686 9389
0 328 3651 9355
0 463 3616 9320
0 599 3580 9285
1 0.000995617 -10.0006
0 735 3544 9249
0 871 3508 9213
0 1008 3471 9176
0 1145 3434 9138
0 1282 3397 9100
0 1420 3359 9062
0 1558 3321 9023
0 1696 3283 8984
0 1834 3245 8944
0 1973 3206 8904
1 0.626913 -9.97983
0 2112 3167 8863
0 2251 3128 8821
0 2390 3088 8779
0 2529 3048 8736
0 2669 3008 8693
0 2809 2967 8650
0 2949 2926 8606
0 3089 2885 8561
0 3230 2844 8516
0 3371 2802 8470
1 1.2549 -9.92095
0 3512 2760 8424
0 3653 2718 8377
0 3794 2675 8330
0 3936 2632 8282
0 4078 2589 8233
0 4220 2546 8184
0 4362 2502 8135
0 4504 2458 8085
0 4646 2414 8035
0 4788 2370 7984
1 1.87454 -9.82258
0 4931 2325 7933
0 5074 2280 7881
0 5217 2235 7829
0 5360 2189 7776
0 5503 2143 7723
0 5646 2097 7669
0 5790 2051 7615
0 5934 2005 7560
0 6078 1958 7505
0 6222 1911 7450
1 2.48713 -9.68584
0 6366 1864 7394
0 6510 1817 7337
0 6654 1770 7280
0 6798 1722 7223
0 6942 1674 7165
0 7086 1626 7107
0 7230 1577 7048
0 7374 1528 6989
0 7518 1479 6929
0 7662 1430 6869
1 3.0905 -9.51052
0 7806 1380 6808
0 7950 1330 6747
0 8095 1280 6686
0 8239 1230 6624
0 8383 1180 6562
0 8528 1130 6499
0 8672 1079 6436
0 8816 1028 6372
0 8960 977 6308
0 9104 926 6243
1 3.68288 -9.29672
0 9248 874 6178
0 9392 822 6113
0 9536 770 6048
0 9680 718 5982
0 9824 666 5915
0 9968 613 5848
0 112 560 5781
0 256 507 5713
0 400 454 5645
0 544 401 5577
1 4.25922 -9.04812
0 688 347 5508
0 832 293 5439
0 976 239 5369
0 1119 185 5299
0 1263 131 5229
0 1406 76 5158
0 1549 22 5087
0 1692 9967 5016
0 1835 9912 4944
0 1977 9856 4872
1 4.81734 -8.76539
0 2120 9801 4800
0 2263 9745 4727
0 2405 9689 4653
0 2547 9633 4580
0 2689 9577 4506
0 2831 9521 4432
0 2972 9465 4357
0 3113 9409 4282
0 3254 9353 4207
0 3395 9296 4131
1 5.35831 -8.44237
0 3536 9239 4055
0 3676 9182 3979
0 3817 9125 3902
0 3957 9068 3825
0 4097 9011 3747
0 4237 8953 3669
0 4376 8895 3591
0 4515 8837 3513
0 4654 8779 3434
0 4793 8721 3355
1 5.87954 -8.08979
0 4931 8663 3276
0 5069 8605 3196
0 5207 8546 3116
0 5345 8487 3036
0 5482 8428 2956
0 5619 8369 2875
0 5755 8310 2794
0 5892 8251 2713
0 6028 8192 2631
0 6164 8133 2549
1 6.37521 -7.70546
0 6300 8073 2467
0 6436 8014 2385
0 6571 7954 2302
0 6706 7895 2219
0 6841 7835 2136
0 6975 7775 2053
0 7108 7715 1969
0 7241 7655 1885
0 7374 7595 1801
0 7507 7535 1717
1 6.84433 -7.28796
0 7639 7475 1632
0 7771 7415 1547
0 7903 7355 1462
0 8034 7294 1377
0 8165 7234 1291
0 8296 7174 1205
0 8426 7113 1119
0 8556 7053 1033
0 8686 6992 947
0 8815 6931 861
1 7.28935 -6.84493
0 8943 6871 774
0 9071 6810 687
0 9199 6749 600
0 9326 6688 513
0 9453 6627 425
0 9579 6566 337
0 9705 6505 249
0 9831 6444 161
0 9956 6383 73
0 81 6322 9985
1 7.70435 -6.37441
0 205 6261 9897
0 328 6200 9808
0 451 6139 9719
0 574 6078 9630
0 696 6017 9541
0 817 5956 9452
0 938 5895 9362
0 1059 5834 9273
0 1179 5773 9183
0 1299 5711 9093
1 8.08787 -5.87775
0 1418 5650 9003
0 1537 5589 8913
0 1655 5528 8823
0 1773 5467 8733
0 1890 5406 8642
0 2007 5345 8551
0 2123 5284 8460
0 2238 5223 8369
0 2353 5162 8278
0 2467 5101 8187
1 8.44343 -5.35854
0 2580 5040 8096
0 2693 4979 8005
0 2806 4918 7914
0 2918 4857 7822
0 3029 4796 7730
0 3140 4735 7638
0 3251 4674 7546
0 3361 4613 7454
0 3470 4552 7362
0 3579 4491 7270
1 8.76235 -4.81912
0 3687 4430 7178
0 3795 4370 7086
0 3902 4309 6994
0 4008 4249 6902
0 4114 4189 6810
0 4219 4129 6718
0 4323 4069 6625
0 4427 4009 6533
0 4530 3949 6441
0 4632 3889 6349
1 9.04624 -4.25831
0 4733 3829 6257
0 4834 3769 6165
0 4934 3709 6072
0 5034 3649 5980
0 5133 3589 5888
0 5231 3529 5796
0 5329 3469 5704
0 5426 3410 5611
0 5522 3351 5518
0 5618 3292 5426
1 9.29667 -3.68155
0 5713 3233 5334
0 5807 3174 5241
0 5901 3115 5148
0 5994 3056 5056
0 6086 2998 4964
0 6178 2939 4871
0 6269 2881 4778
0 6359 2823 4686
0 6448 2765 4594
0 6536 2707 4502
1 9.51142 -3.0898
0 6624 2649 4410
0 6711 2591 4318
0 6798 2533 4226
0 6884 2475 4134
0 6969 2418 4042
0 7053 2361 3950
0 7137 2304 3858
0 7220 2247 3767
0 7302 2190 3675
0 7383 2133 3583
1 9.68549 -2.48606
0 7463 2077 3491
0 7543 2021 3399
0 7622 1965 3308
0 7700 1909 3217
0 7777 1853 3126
0 7854 1797 3035
0 7930 1741 2944
0 8005 1685 2853
0 8080 1630 2762
0 8154 1575 2671
1 9.82095 -1.87305
0 8227 1520 2581
0 8299 1465 2491
0 8370 1410 2401
0 8441 1355 2311
0 8511 1301 2221
0 8580 1246 2131
0 8648 1192 2041
0 8715 1138 1951
0 8782 1084 1862
0 8848 1030 1773
1 9.92106 -1.25477
0 8913 977 1684
0 8977 924 1595
0 9041 871 1506
0 9103 818 1417
0 9165 765 1328
0 9226 713 1240
0 9286 661 1152
0 9345 609 1064
0 9403 557 977
0 9460 506 890
1 9.97855 -0.628659
0 9517 454 803
0 9573 403 716
0 9628 352 629
0 9682 301 542
0 9735 251 456
0 9787 201 370
0 9839 150 284
0 9890 100 198
0 9890 100 198
2